int 10 155 189 7 15 193 269 80 55 255 6 3 6 8 12 17 19 24 28 32 35
int 10 227 250 211 263 94 133 127 95 131 142 6 8 9 14 16 19 21 25 30 34
int 11 150 168 141 147 196 287 201 34 28 171 248 5 9 11 16 20 25 27 28 33 38 39
int 11 42 138 82 244 228 193 275 180 200 96 147 0 3 7 11 14 16 21 22 23 27 30
int 11 93 64 278 156 171 241 55 136 89 128 120 2 5 7 10 12 14 17 19 23 25 26
int 11 25 89 122 295 105 19 91 21 74 214 262 6 10 12 17 19 20 25 26 30 33 35
int 13 217 125 38 126 45 257 225 107 279 151 141 59 281 5 6 11 15 20 24 29 31 34 35 39 44 47
int 14 170 133 101 290 284 58 27 94 86 97 89 135 168 200 4 5 9 10 14 18 20 24 26 31 34 39 42 45
int 14 199 152 56 49 76 204 48 87 233 14 257 259 110 276 0 2 3 6 7 10 12 17 19 24 28 31 34 36
int 14 89 231 271 155 136 79 246 84 276 174 184 185 87 145 9 10 12 16 20 23 26 27 30 31 33 38 43 47
int 14 154 32 108 101 90 41 144 94 187 174 231 37 82 296 1 4 7 11 13 15 16 17 18 20 24 26 27 28
int 15 197 262 212 14 138 96 19 247 63 74 58 69 232 12 67 9 12 14 18 23 27 32 35 40 41 44 48 49 51 52
int 15 10 174 191 258 66 277 183 171 115 133 91 58 221 144 283 8 12 13 14 19 22 24 28 30 31 35 40 42 47 50
int 16 134 145 120 280 254 103 178 243 188 78 215 184 195 183 107 9 3 4 6 9 13 16 17 18 19 21 26 28 32 34 35 39
int 17 49 79 238 10 43 260 146 143 54 235 29 190 201 166 78 133 287 7 12 14 17 18 23 25 29 31 32 35 38 39 42 46 49 52
int 17 208 81 246 31 195 297 287 224 227 292 17 276 167 211 197 155 202 8 12 16 20 25 27 31 34 38 42 47 51 54 58 62 63 67
int 17 87 84 119 151 210 257 214 275 20 221 55 295 254 18 70 262 186 2 4 7 9 13 17 21 24 26 30 33 37 39 44 49 51 52
int 17 209 193 175 183 271 159 15 191 295 174 95 12 52 56 146 245 266 8 9 12 16 18 19 21 24 26 28 29 33 34 38 39 42 47
int 17 169 32 242 166 271 189 132 276 219 108 153 216 167 25 66 184 227 3 4 9 10 14 16 21 23 27 29 34 38 42 45 50 55 58
int 17 4 107 248 284 12 94 133 193 102 153 99 210 184 73 207 298 54 0 3 7 12 13 15 16 19 24 29 30 35 36 38 41 43 47
int 17 155 236 144 237 246 101 31 83 274 164 135 150 113 129 170 40 116 9 12 15 20 23 27 30 35 38 39 43 44 47 49 54 55 59
int 17 91 191 129 49 19 281 168 105 157 265 53 62 100 130 269 87 106 7 10 12 15 16 20 21 26 31 32 34 39 42 43 44 45 47
int 17 227 202 123 148 18 116 40 189 181 183 241 188 279 54 173 207 205 1 3 8 12 15 20 24 25 30 33 36 39 44 46 48 53 57
int 17 246 11 118 147 134 290 105 241 136 224 8 121 174 27 217 225 259 5 9 14 15 20 25 27 32 37 38 43 44 49 51 56 58 62
int 18 252 283 216 24 190 243 212 23 226 281 219 85 162 107 213 18 30 83 5 9 13 17 18 20 24 28 30 35 36 39 41 46 49 51 54 57
int 18 219 296 289 247 226 227 216 16 119 288 223 259 290 85 178 258 237 272 3 8 11 12 14 15 20 22 23 24 28 32 37 41 42 46 49 50
int 18 158 79 157 124 0 156 138 137 133 182 159 267 241 24 280 122 168 40 4 7 9 11 16 20 23 27 30 32 36 40 45 49 54 55 57 61
int 18 149 143 203 185 9 222 22 237 291 35 81 198 202 184 84 289 265 63 7 10 12 13 16 17 22 23 28 32 36 38 40 45 48 50 54 59
int 19 136 228 199 4 222 49 120 173 283 93 158 89 202 293 252 2 200 13 280 0 5 7 9 13 14 17 18 19 20 21 25 30 33 34 38 40 42 44
int 20 157 40 253 190 89 198 284 163 26 118 236 99 238 242 101 5 108 239 243 103 3 7 9 13 16 20 25 27 31 36 41 46 49 54 57 62 65 66 67 70
int 21 190 248 204 177 8 201 262 18 48 20 200 10 238 134 182 92 244 271 252 277 75 0 5 7 10 11 14 17 22 25 26 30 34 35 39 43 46 51 54 55 60 61
double 22 24.9 4.9 26 21.9 21.6 26.6 24.2 9.7 2.7 8.2 5.7 15.6 0.3 27.5 2.5 5.3 18.8 28.7 21.2 2 11 20.8 6.4 9.7 13.6 17.8 21.5 26.1 30.9 33.1 36.2 40.4 42.4 45.8 51.7 57.2 61.6 65 69.2 70.5 72.4 77.4 81.6 87.3
int 22 13 115 254 255 234 264 178 48 60 106 188 117 175 126 26 105 200 217 63 218 97 45 4 8 9 10 12 17 22 25 27 30 31 33 36 41 44 45 48 50 55 56 59 60
double 22 6.3 22.9 15.9 17.7 26.2 9.5 5.9 14 24.6 9 26.7 26.9 26 26.4 27.5 4.9 13.3 22.7 1.1 13.7 11.3 15.8 6.2 11.3 14.9 19.4 21.7 24.8 25.8 27.5 30.6 36.4 39.5 41.8 47.5 52.8 56.9 62.2 67 68.7 70.8 74.4 78.5 81.4
int 22 14 169 9 172 85 175 223 17 284 290 218 174 7 231 171 119 15 126 3 76 288 239 3 7 11 14 16 18 19 24 29 30 33 38 39 44 47 52 54 57 61 66 71 72
int 22 13 123 108 259 50 144 174 181 0 147 94 171 124 25 299 247 131 41 111 218 60 270 4 7 12 14 16 19 20 25 27 29 33 35 37 42 46 48 51 54 57 62 67 71
double 23 27.2 11.1 8 5 19.3 17.3 11.9 1.2 24.1 13.8 20.2 29.1 3.6 23.5 22.2 25.9 19.5 11.3 29.3 11.7 24.7 8.1 17.9 6.2 11.3 13 15.2 20.9 24.7 29.1 34.7 36.4 41.1 42.7 47.3 49.6 50.6 53.8 56 57.1 61.1 65.2 69.1 73.2 75.7 81.1
int 23 28 83 199 282 70 92 141 153 159 161 244 33 236 284 184 168 263 235 108 249 31 187 209 5 10 12 14 15 20 25 29 33 37 39 44 49 53 56 59 61 66 68 69 72 76 80
int 24 3 151 297 134 290 73 43 280 63 150 261 157 108 203 133 195 111 215 100 135 24 124 61 277 5 10 15 20 22 27 30 34 35 40 41 43 44 47 52 55 59 60 65 66 67 69 72 75
double 24 22.7 10.1 23.5 6 12.4 13 0.2 23.6 0.9 25 28.6 12.1 2.5 8.7 21.8 16.2 0.4 16.1 21.9 1.4 21.5 25.1 6.3 16.6 7.2 10.6 15.5 20.9 23.3 28.1 32.6 36.3 40.8 46.7 51.6 55.8 58.6 62.1 63.9 66 69.4 72.7 77.3 79.8 84.6 88.4 90.5 96
int 24 136 178 205 202 100 96 35 175 30 93 27 48 17 110 155 20 277 288 79 153 60 283 273 55 8 10 13 14 17 22 25 26 30 34 38 42 45 48 50 51 53 57 62 67 70 75 79 81
int 25 140 22 246 166 200 265 144 54 116 299 124 137 29 31 42 117 24 134 207 243 28 264 252 108 145 8 9 10 15 20 24 28 31 32 36 40 42 46 50 55 59 64 69 70 75 77 79 80 81 83
double 25 16.1 13.8 13.2 22.5 9.5 29.7 9.8 27.3 12.1 26.3 5.9 22.1 24.8 1.6 18.6 19 22.2 18.7 23.2 17.9 15.3 16.3 23.3 9.1 21.7 0.5 2.3 6.6 7.6 8.7 9.7 11.8 15.2 16.9 18.2 21.9 27.1 32 37 39.1 41.7 44.7 47.1 48.8 50.3 51.9 57.6 62.5 68.1 71
int 25 204 214 260 202 148 78 159 79 291 86 149 90 111 23 142 140 30 181 171 205 294 186 225 84 177 7 8 10 15 18 19 20 22 26 29 30 33 35 38 41 44 49 54 57 60 64 65 68 69 74
int 25 274 164 40 91 194 242 4 6 135 96 286 288 273 177 241 278 159 190 52 25 26 104 218 54 186 5 9 12 13 14 15 16 19 21 23 24 25 26 31 35 36 38 41 45 49 52 55 58 62 63
double 26 6.2 11.3 24.8 11.7 5.4 3.8 9.5 4.6 4.1 12.5 28.9 0.5 25.9 5.1 14.1 8.4 22.7 21.6 26.7 20.8 10.9 13.2 4.4 1 20.1 5.2 7.3 11.5 16 18.5 21.5 25.1 26.7 31.5 32.9 37.8 39.6 45.1 47.1 48.2 53.5 59.1 64.1 69 70.6 73.4 77.7 79 80.8 82.9 88.4 94.3
double 27 4.2 27.1 28.8 7.3 23.5 18.2 17.3 21.8 29.8 3.6 8.8 23.3 12.6 10.4 2.1 1.9 7.4 23 1.6 12 15 2.4 10.6 15.9 17.2 24.4 23.8 9.5 15.2 21.1 25.9 27.3 31.3 32.5 37.6 38.7 44 47.8 51.6 55.5 61.4 62.8 66.8 68.3 69.7 71.6 74.2 80 84.1 89.7 95.6 98.5 102.3 104.7
int 27 185 285 103 0 226 76 89 163 159 74 293 184 92 91 177 295 263 187 273 3 162 109 171 198 277 87 126 3 7 11 12 16 21 26 28 29 30 34 37 41 43 48 49 50 53 57 58 60 61 66 70 72 75 80
int 28 191 246 113 228 247 129 103 187 120 59 185 45 195 271 102 62 175 73 258 236 23 281 35 145 106 10 31 224 7 8 13 15 20 24 28 29 31 32 35 37 41 44 49 51 52 53 58 60 61 64 65 69 74 79 82 83
double 28 11.5 28.8 3.9 23.9 10.5 3.5 5.1 2.1 24.9 11.6 15.6 3.1 14.5 26.6 1.5 21.6 29.4 27.3 27.4 28 20.1 0.1 1.9 17.4 26.5 2.2 13 2.5 5.4 10.3 12.4 13.5 16.5 18.7 22.7 28.2 31.2 34.7 40 45.1 47.6 52.8 58.5 61.2 64.6 68.4 70.1 71.8 75.8 80.9 82.3 85.3 87.3 90.9 96.1 99.5
double 29 29.6 18.4 24.6 25 23.1 24.2 2.3 20.3 7.5 3.6 15.4 17.7 10.7 21.8 18.2 26.4 29.5 16 26.7 29.8 20 15.2 7.2 27.4 3.2 18.5 1.7 4.1 19.6 7.4 11.8 16.4 21.8 25.6 30 31.7 36.6 40.1 44.6 48.9 54 55 60.5 61.6 65.4 67.4 71.7 74.6 76.2 78 80.6 84.7 86 89.9 91.3 95.6 97.7 102.6
double 29 26 18.2 5.1 22.9 20.7 2.8 13.1 10.6 19.5 5.7 0.2 6.5 17.4 22.5 17.1 15.3 12.6 29.2 4.6 7.3 14.7 27.7 5.5 21.7 14.9 5 3.7 28 25.7 7.4 13.1 16.8 18.2 19.9 25.2 28.4 29.4 34.4 37.6 41.9 47.4 52.3 54.8 57.5 61.2 66.5 70.5 75.2 76.7 80.3 81.7 83 85 90.3 95.6 98.2 100.2 103.7
double 29 2.2 14.6 18.8 5.3 10.5 8 3.2 19.2 22 16.1 27.4 15.2 23.5 8.9 22.1 0.3 3.1 7 1.9 14 7.1 15.7 20.7 17.3 21.9 4.1 6.2 29.1 1.3 7.6 11.2 14.8 20.3 25.5 28.7 32.7 35.2 39 41 44.2 49 51.9 57.7 63.4 68 69.2 71.2 74.1 77.8 81.4 85.1 86.3 88.3 91 94.9 97.4 100.2 103.3
double 30 22.3 11.2 12.1 15.4 23.4 16.3 0.4 22 22.1 15.5 21.1 14.7 8.9 14 23.1 19 10.9 27.3 25.7 9.2 3.6 4.5 21.7 0 28.7 16 13.2 26.3 23.3 18.6 0.5 3.6 5.3 7.5 11.7 14.3 16.6 22.1 25.1 27.8 29.8 31.1 32.4 35.6 36.7 40.1 45.9 49.8 53.1 56.8 61.3 65.7 69.8 72.8 75 80.4 82.8 86.2 88.4 93
int 30 124 271 7 194 66 221 40 143 243 157 201 288 109 54 16 176 204 280 98 78 277 267 226 233 10 281 53 252 240 49 7 10 11 14 17 18 20 25 28 29 34 37 41 43 45 47 50 53 55 60 63 66 69 72 76 78 81 82 83 84
int 30 199 28 123 265 251 278 5 7 143 235 55 178 261 162 245 141 140 41 176 253 24 276 231 170 284 227 148 129 282 93 4 6 9 13 18 19 22 23 26 29 31 35 37 41 45 50 53 58 61 64 68 71 75 77 79 80 85 90 93 95
int 31 156 81 276 170 77 79 10 213 226 124 18 245 104 13 172 143 266 145 221 131 297 168 291 46 238 91 293 249 38 82 193 3 8 12 14 17 22 24 28 33 37 39 41 46 50 52 56 57 61 63 66 68 72 76 77 82 84 88 93 97 99 102
double 31 0.9 1.8 22 14.3 0.8 13.3 3.5 12.2 27.3 15.9 21 29.1 18.2 11.1 20.7 12.8 25.6 3.7 25.5 12 25.2 4.6 6 15.7 15.1 4.7 18.4 13.2 19.1 26.9 24.4 4.2 7.7 10 13.4 19 24.8 30.1 32 33.2 35.2 38.9 44.7 46.6 48.8 53.1 56.1 61.6 62.9 65.1 67.7 69.5 74.7 80.6 84.7 88.5 90.1 91.4 97.3 101.4 106 107.9
double 32 29.7 20.9 9.9 6.9 9.5 9.7 11 15.8 17 12.3 28.7 26 1.8 9.8 12.4 16.6 16.2 17.4 8.3 19.1 20.5 3.9 10.1 18.3 26.2 18.6 14 6.3 12.9 0.3 10.8 18.9 3.5 5.8 11 15.9 17.9 23 26.7 31.3 34.9 38.7 42.7 46.2 51.1 56.3 60.5 63 68.7 72.8 75.4 78.3 82.3 85.8 91.4 92.8 96.5 100.1 104 109.9 112.5 118.2 122.4 125.7
int 32 51 113 59 104 229 248 6 221 243 61 277 73 10 105 231 97 137 173 236 201 216 14 271 26 57 93 291 127 276 285 34 184 4 8 13 18 20 22 23 26 31 35 38 41 42 46 49 50 52 55 56 58 59 64 66 70 71 72 74 79 84 87 91 93
int 32 91 52 294 5 57 6 265 245 172 141 233 180 121 42 31 251 134 213 271 33 171 164 111 198 152 49 157 89 129 84 205 193 6 8 9 13 18 23 27 29 31 36 41 43 45 48 51 56 60 64 68 72 76 78 79 83 85 87 90 94 98 102 107 111
double 32 5.2 1.3 10.9 9.9 0.5 26.9 14.5 19 16.1 21.4 18.5 25.5 11.8 7.7 7.3 14.7 8.4 22.2 27.9 26.2 22.5 7.6 16.6 22.7 22.9 28.4 26.1 16.3 27.4 28.7 14.4 6 3.7 7.4 8.7 13.5 14.5 19.7 23.2 27.9 29.9 34.5 37 42.6 46.2 49 52.8 54.9 56.3 61 64.4 70.3 71.6 76.7 78.1 82.2 85.6 88 89.3 92.9 97.4 103.2 108.7 112.7
double 32 19 0.3 28 19.1 20.6 20.3 25.7 28.2 10.6 27.3 20.7 5.3 11.5 20.5 4.5 14 25.3 15 13.8 6.7 16.3 24.3 21.2 27.9 9.2 23.9 15.2 4.2 15.5 0 29.4 10.4 4.5 9.6 14.6 17.8 23 27.5 33.4 35 38.2 41 46.4 52.2 55.2 60.1 61.7 65.3 70.2 74.3 78.7 83.8 85.3 88.2 91.1 94.1 95.5 98.7 99.8 101.8 106.7 112.5 117.3 118.8
int 33 173 104 267 248 272 210 254 3 170 26 274 97 178 283 281 200 49 78 167 160 75 38 65 236 271 157 247 98 68 255 159 207 21 3 5 6 9 10 12 16 21 25 26 30 32 36 37 40 42 46 50 54 56 58 62 65 68 71 73 77 78 79 80 81 86 90
int 33 205 97 143 18 124 227 102 28 7 159 225 173 192 104 243 190 39 87 163 296 259 244 34 149 116 103 160 0 75 142 110 144 32 7 12 15 16 20 23 25 29 30 34 35 38 40 41 42 45 47 49 52 57 60 63 66 70 73 78 82 84 88 89 93 95 99
int 33 267 27 194 249 217 16 265 276 189 250 14 255 211 85 151 280 41 91 259 121 281 247 67 129 268 245 286 63 186 49 222 0 230 3 6 8 11 12 16 20 24 29 32 34 39 44 46 48 53 55 60 61 64 67 69 73 78 83 84 85 86 87 90 94 99 104
double 33 0.4 1.5 28.7 3.6 20.9 8.4 24.8 5.1 9.3 9.5 11.6 7.1 28.4 22.9 12.2 7.7 7.2 27.8 23.8 25.5 24.6 23.4 10.8 15.4 19.6 1.1 22.7 20 29.3 12.3 27.4 8.5 19.4 0.5 4 7 11.8 13.4 17.2 18.2 24.1 29.8 34.2 37.3 41.3 42.4 46.4 47.5 48.9 51.3 52.8 55.7 60.3 63 66.1 69.1 71.3 74.5 76.9 78.2 79.2 83.6 85.7 88.9 90.7 93.5
int 33 182 111 103 10 73 46 220 269 162 230 228 47 274 195 22 129 78 94 292 98 117 178 158 201 236 141 173 253 53 134 171 234 100 0 3 8 12 15 16 18 22 27 30 34 37 41 46 49 52 54 59 64 66 71 75 80 81 83 86 88 93 97 98 100 102 104
int 33 299 36 66 95 267 219 178 65 51 283 73 179 92 282 123 99 158 167 145 280 274 67 38 82 142 98 144 70 125 122 55 277 275 2 3 6 8 13 15 18 22 26 28 33 36 37 38 41 46 49 54 59 61 65 68 73 78 83 88 90 95 96 97 101 103 107
double 34 3 20.8 27.3 1.8 24.4 2.7 17.9 13.8 29.5 20.9 27.8 15.9 27.9 13.7 2.4 28.8 16.3 17.7 6.1 0.1 6.4 19.2 22.2 18.2 21 24.9 12.6 9.3 9.4 10.7 16.8 7.9 24.6 29.6 0.1 3.7 9 13 16.4 22.3 25.6 26.8 27.9 30.2 35.6 40.3 42.9 48.4 53.4 58.7 63.5 66.2 70.6 72.5 76.9 82.1 86 88.8 89.9 92.7 93.7 99.3 102.6 106.1 108.3 113.2 116.8 117.8
double 34 25.2 25.1 24.2 4 7.5 17.5 13.4 26.1 28.9 5 22.8 27.4 23.5 16.9 3.3 16.4 11.7 6.4 2.7 1.4 3.8 14.2 7.4 2.3 0.5 26.7 20.2 24.4 13.3 9.8 24.5 20.6 1.7 20.7 1.6 5.4 8.6 10.3 14.9 20.5 25.4 28.4 33.2 38.6 40.7 44.8 49 52.9 58.5 60.2 62.1 66.7 68.1 73.6 76.3 80.9 83.9 89.1 92.4 96.4 98.6 101.9 104.7 105.7 111.1 112.3 115.6 118.9
double 34 5.9 2.3 26.8 27.2 9.9 15.6 4.6 22.1 9 0.8 18.8 0.7 7.4 8.5 5.8 4.1 13.4 20.1 28.8 15.4 16.7 11.1 2.4 2.6 12.6 24.5 8.4 14 18.5 29.7 27.6 19.4 15.9 0.4 1.4 6.2 7.7 10.9 11.9 15 17.3 19.3 24.2 29.6 32.2 35.4 41.1 43.8 45.1 50 53.6 54.7 60.4 61.4 63.1 68.4 70.6 75.7 80.7 85.1 88.7 90.5 92.4 94.2 96.2 97.5 102.2 107.2
int 34 205 202 250 66 247 106 43 89 70 92 184 231 4 280 63 140 129 12 3 107 267 144 128 224 58 158 233 33 78 284 170 273 28 62 8 9 10 14 15 20 22 27 30 32 36 38 41 44 45 49 52 56 60 64 68 69 71 75 78 81 84 86 90 92 94 99 103 105
double 34 3.1 27.9 7.7 21.1 6.3 12.7 0.5 7.9 27.2 16.8 6.2 29.5 0 13.5 11 25.2 23.8 17.3 26.4 4.3 2.4 12.6 5.1 29.9 19.5 3.6 24.4 14.6 13.2 5.4 23.7 24.7 12 16.3 0.7 1.8 5.8 8.1 11.1 13.9 17.5 21.2 25.7 30 33.7 37.2 42.7 45.8 49 50.2 52.9 54.6 57.2 60.1 65 69.2 72.6 73.7 76.9 78 82.8 88.1 93.8 97.2 100 102 107.6 112.6
int 35 216 231 242 131 65 0 280 150 288 268 60 22 206 204 210 239 100 208 74 221 184 33 111 250 73 87 137 185 68 40 214 252 125 155 213 5 10 12 15 16 18 23 26 28 32 35 38 41 46 48 52 53 56 58 62 67 72 74 76 79 81 83 84 86 90 94 95 100 101 102
int 35 108 271 151 214 251 75 102 23 186 208 64 284 254 98 62 289 34 61 217 247 246 228 43 106 49 153 233 125 130 69 45 2 145 42 192 9 12 17 19 21 23 26 30 32 37 42 44 45 50 55 57 59 64 68 73 76 80 83 88 92 95 100 103 104 106 110 113 115 118 121
int 35 296 289 139 81 42 270 9 122 254 20 282 148 119 239 173 210 0 222 269 65 128 184 182 37 124 204 268 147 145 240 85 8 116 293 155 3 7 11 14 18 23 28 32 34 39 40 43 47 48 52 54 58 61 62 66 68 70 71 72 74 77 82 85 86 89 91 96 97 100 105
int 35 276 11 63 23 214 221 17 169 217 67 236 44 137 1 198 275 226 222 270 266 192 292 231 85 245 253 126 163 45 87 33 219 150 242 60 3 7 12 17 21 23 27 29 33 38 42 43 44 45 46 47 49 50 51 53 58 61 66 67 68 71 76 79 80 82 87 91 95 100 105
double 35 15.2 0.1 0.9 9.2 27.1 10.7 9 26.5 28.8 14.1 18.3 20.9 13.4 17.5 22.2 18.1 14 16.8 27.4 10.5 4.4 4 4.6 21.4 9.7 27 29.2 15.5 17.8 3.7 6.5 19.7 2.8 29.8 2.1 1.8 7.3 10.9 14.2 20 22.2 26.2 32 34.1 38.3 40.7 44.2 45.4 46.8 48.2 53 58.4 63.1 66.4 70.8 73.5 75.8 79 83.8 89.3 92.4 98.1 101.9 103.8 109.3 111.6 115.7 121.3 124.1 129.7
int 35 252 140 146 138 155 5 38 263 21 115 130 203 276 53 193 230 178 238 174 222 197 90 17 215 9 292 236 133 34 136 176 267 148 93 173 6 10 14 19 24 28 29 31 34 36 39 42 46 47 49 51 56 60 64 67 68 70 73 75 78 82 86 91 92 93 97 99 102 103 106
double 35 8.4 12 9.9 21.8 5.4 23.6 9 11 26.6 3.4 15.6 9.4 7.9 8.8 6.9 11.4 15.5 2.1 26.4 10.2 6.2 12.3 29.3 20.9 21.4 1.8 26.2 4.4 6.8 25.9 22 4.2 3.3 22.5 25.2 1.1 2.3 5.1 7 12.1 16.7 20.7 23.8 25.7 30.5 35.2 40.2 44.5 47.2 48.5 52 53.7 59.6 64.4 67.3 72.9 78.4 83.4 85.7 88.6 92.4 94.5 95.5 98.2 100.3 102.6 106.1 108.6 111.7 114.2
int 36 112 196 228 121 172 298 249 3 115 54 133 119 156 278 208 29 45 258 299 246 255 52 41 57 32 191 254 23 226 70 215 58 236 157 89 256 1 2 5 6 10 12 14 19 24 29 32 35 37 40 43 46 51 56 57 59 62 64 69 74 79 80 84 85 86 87 89 92 96 99 102 104
int 36 5 256 224 105 198 81 99 294 175 201 127 235 230 32 133 6 195 275 34 119 225 227 47 70 254 264 137 29 141 35 128 281 298 207 219 220 5 6 10 12 14 19 22 23 24 28 30 32 33 34 36 37 39 44 48 50 52 55 56 59 60 61 66 71 74 79 82 85 86 91 95 98
int 36 156 141 240 18 54 74 128 17 27 183 126 175 131 125 165 194 47 204 223 155 205 187 42 43 253 218 142 236 75 277 149 102 49 197 285 266 2 7 9 12 15 19 24 25 27 32 37 39 42 45 47 51 52 54 55 59 62 63 68 73 75 78 83 84 89 93 96 98 102 105 107 108
double 37 12.3 20 0.6 22.7 26.4 11 4.6 26.7 27.6 17.5 27.7 8.1 18.8 1.2 29.8 29.5 3.9 18.4 16.7 27.4 14.1 21.8 14 11.9 5.6 19.8 27.8 6.4 7.6 22.4 2.2 12 3.8 13.1 2.7 20.6 16 7.4 11.7 13.6 15.2 20.3 22.8 26.7 30.7 34.4 37.2 38.8 44.1 48.1 51.8 54 57.5 59.9 61.4 66.9 71.1 72.5 76.5 78.6 81.9 87.5 92.1 93.4 96.9 102 106.6 111 113.7 115.9 119.7 122.7 124.1 126
double 37 16.4 2.4 23.4 11.5 20.7 15.3 13.3 27.7 25.8 26 6.9 4.9 29.9 14.1 29.4 28.7 10.4 8.3 6.5 22.8 24.4 5 24.7 2.1 17.1 9.6 0.3 2.9 5.5 7.5 12.7 4.8 11.4 26.4 8.4 4.5 15.5 7.9 10.1 13.3 15.4 20.7 26 27.2 30.4 33.4 39.1 40.7 43.9 49.7 54.4 56.1 60.3 65.5 69.9 74 76.8 81.1 82.7 86.9 91.8 94.9 98 101.2 104.7 107.7 109.2 112.1 114.3 116 121.2 126.4 130.1 131.4
int 37 157 257 248 235 70 246 249 116 54 123 118 147 196 33 65 189 2 136 81 149 72 170 35 113 264 104 220 297 77 269 25 84 109 154 263 296 79 9 10 13 18 21 22 23 27 28 33 35 38 42 47 50 53 57 58 60 61 66 71 76 77 80 82 83 88 92 95 99 102 107 108 111 115 119
double 37 3.7 7 8.3 17.2 12.9 3.8 13.2 16.5 1.6 12.6 27.6 16.8 13.9 25.3 10.5 15.5 25.1 4 21.5 1.5 23.8 6.1 26.2 26.4 28.7 1.3 27.9 23.2 27 9.8 5.8 26.6 12.8 22.1 17.9 13 12 4.3 9.2 15 17.8 22.5 27.4 28.5 34 38.1 42 43.4 47.8 50.5 54.5 58.6 62.3 65.5 69.7 72.3 76.5 79.4 81.1 86 88.2 93.6 98.8 102.6 107.9 112.5 114.9 119.7 123 127.1 128.7 134.1 136.7 137.9
int 37 88 85 79 86 147 59 46 167 102 276 244 61 229 81 104 97 98 96 227 266 13 255 89 51 214 168 170 201 175 247 129 130 184 6 26 82 156 5 10 11 16 19 24 25 26 30 34 39 41 45 47 52 54 58 62 64 67 72 73 76 77 81 83 86 88 92 95 96 98 102 104 105 108 112
double 38 23.2 3.7 9.8 15.6 5.5 16.7 4 20.6 8.3 28.1 10.6 2.9 1.8 4.6 12.2 10.8 6.6 4.3 2.7 13.6 15.1 23.4 18 6.5 2.6 16.9 17.4 19.6 24.8 10.5 2.8 17.7 15.2 5.8 4.9 15.8 8.1 1.2 8.1 10.4 15.1 20.1 24.5 27.8 32.4 36.3 38.1 42.4 46.1 51.6 56.7 60.8 63.4 64.4 66.2 68.2 72.2 74.1 78.4 81.2 85.3 91.2 96.8 101.4 105 110.2 114.5 117.5 123.4 129.3 131.3 135.4 141 145.8 147.4 152.7
int 38 246 224 293 52 110 88 93 107 69 292 115 200 119 146 223 26 16 38 242 9 15 14 82 228 201 73 106 183 160 235 170 181 247 165 167 175 131 274 8 9 13 18 21 26 31 36 41 45 48 52 53 57 59 61 62 63 64 66 71 72 73 75 77 79 83 84 86 88 89 91 96 100 101 104 108 109
double 40 10.9 26.4 15.8 15.5 28.9 10.3 6.4 22.7 16.1 20.4 29 19.6 21.5 28.2 6.8 21.6 11.1 12.7 0 7.6 7.7 4.6 28.6 5.5 3.2 15.4 8.2 2.2 12.2 15.6 24.5 9.4 23.2 7.2 23.8 6.7 10.4 16.2 20.9 14.7 4.3 9.9 11.2 14.6 17.1 20.8 26 29.8 32.1 36.1 37.4 42 43.8 45.1 49.2 50.6 53.6 55.4 60.2 64.5 69.2 73.9 76.6 80.1 81.3 83.1 86.1 90.8 92.9 94.3 96.9 97.9 102.4 108.1 109.2 115.1 117.9 122.2 126.9 131.6
double 40 2.5 19.7 24.8 9.3 13 22.8 11.1 12 9.8 5.9 21.2 23.2 8.6 15.4 1.2 29.8 20.1 8.1 17.3 27.5 19.9 3.5 24.4 22.3 10.5 23.4 10.6 5.3 23.3 21.6 8 0.6 18.5 2.4 20.5 4.1 29.9 22.1 15 11.6 5.7 6.7 11.2 13.6 18.7 22.1 23.6 28.9 30.3 33.9 38.9 40.9 44.3 45.8 46.9 52.5 56.6 58.5 62.4 66.1 70.2 71.3 74.9 78.7 83.6 87.9 93.6 96.1 97.6 101.4 104.5 106 110.2 116.1 117.7 120 124.7 126 130.1 134.3
int 40 294 186 243 131 77 16 213 3 145 237 164 143 73 122 248 204 95 226 236 10 219 29 152 195 242 182 26 179 293 138 99 28 27 86 241 40 124 60 8 281 3 7 11 16 18 21 26 29 32 36 40 42 45 50 55 59 63 68 73 74 76 78 82 84 85 90 91 96 99 101 106 111 114 116 120 124 127 129 133 134
double 40 26.3 21.9 14.2 6.3 7.8 18.4 15.8 10.2 13.5 20.4 10.4 23.5 8.8 17.1 20.9 22 17.5 29.4 25.8 29.9 3.7 29 17.7 10.3 4.1 28.6 25.1 7.5 23.9 11.7 5.2 14.1 12.5 21 14.8 24.1 24.5 18.2 9.3 2.9 3.2 7 8 10.7 13 16.1 18 21.6 22.8 24.8 28.9 32.5 34 37.4 42.7 45.2 47.2 51.7 54.5 59.5 64.7 67.3 73.2 76.7 81.8 84.7 88.9 92.3 97.3 98.5 100.7 105.6 109.4 113.4 118 122.2 124.8 125.8 130.4 134.8
double 41 24.3 10.7 15.1 13 20 5.6 15.8 14.2 6.8 23.5 26.2 18.7 18.6 0.2 15.6 9.7 6.3 21.2 6.6 6.4 19.2 16.4 20.7 5.2 23.7 2.1 20.2 12.3 2 13.6 1.8 14.1 2.5 12.2 13.8 19.8 26.9 27.1 17.9 6.1 15.7 8.7 12.6 16.5 20.7 25.4 28.1 31.4 36.3 41.9 43 46.5 50.2 54.3 55.3 60.9 64 65.1 70.8 74.1 75.5 79.6 85.4 88.9 90.8 95.3 99.6 103 106.3 111.6 113.8 117.3 121 123.6 128.3 131.3 135.9 138.4 143 148.5 154.3 159.9
double 41 6.5 13.9 13.5 23.6 1.5 22.2 12.2 11.8 26.3 3.2 2 27.7 13.4 1.9 29 22.6 20.3 4.4 0 14.9 8.7 19.3 10.1 25.4 11.5 5 7.2 4.2 7.7 17 4.8 8.4 17.8 22.9 20.6 27.2 28.7 11.9 21.1 16.8 19.9 3.3 4.9 6.5 8.5 9.9 15.7 19.7 25.1 26.4 28.1 32 35.9 38.6 42 45.2 50.7 55.1 58.7 63.7 68.2 73.7 76.6 82.3 85.3 89.4 91.9 94.1 97.2 101.2 106.3 109.7 112 113.1 115 120.2 124.2 127.2 128.2 130.6 133.9 137.4
int 41 58 171 294 181 108 120 127 0 291 9 222 268 252 86 28 43 289 211 159 180 224 276 187 272 63 154 87 51 105 242 162 42 219 46 45 229 17 40 263 178 285 8 11 16 21 26 28 30 34 37 42 45 46 47 50 53 54 59 61 64 69 70 73 76 81 83 87 91 96 98 100 105 108 113 118 123 128 130 135 140 145 149
int 41 173 148 287 40 37 9 111 289 31 71 66 185 49 277 252 223 87 119 0 95 126 222 83 267 54 35 259 183 41 6 112 130 238 193 57 142 233 76 168 19 286 2 7 9 11 13 17 21 23 28 32 35 37 41 46 47 48 49 50 53 57 58 63 68 69 72 76 81 84 87 92 95 100 103 105 107 111 116 119 122 124 127
double 42 4.1 0.6 9.4 20.7 7.7 14.7 1.5 22.5 28.5 4.8 7.8 10 6.3 25 12.2 8.2 9.6 2 19.6 26.5 8.3 0.8 12.5 19 22.7 2.2 24.2 18.8 26.6 13.5 25.7 9 23.2 3.2 9.2 10.6 21.6 14.6 27.5 26.7 14.1 12.1 9.3 14.7 20.6 21.6 26.4 29.4 31 32.2 35.5 38.1 42.2 46.2 47.3 51.1 56.6 61.1 63.4 68.1 70.7 74.6 76.2 81.4 85.2 89.5 95 96.1 100.5 106.4 109.4 110.4 112.3 118.1 120.8 125.4 128.9 129.9 132.8 137.7 141.5 145.2 146.3 148.5