5 6 int 47 34 38 35 28 (47 34) (47 28) (34 38) (38 47) (35 47) (35 38)
5 6 int 73 23 97 80 40 (23 73) (23 40) (80 73) (40 73) (40 97) (40 80)
5 6 int 95 64 51 17 41 (95 51) (95 17) (64 95) (64 41) (17 64) (17 41)
5 7 int 61 30 94 59 60 (61 30) (61 94) (30 94) (59 61) (59 94) (60 61) (60 59)
5 6 double 4.3 6 8.8 7.7 2.6 (6 8.8) (6 7.7) (6 2.6) (8.8 2.6) (2.6 4.3) (2.6 7.7)
6 9 double 4.8 9.6 6.1 9.4 5.7 7.8 (4.8 6.1) (4.8 5.7) (9.6 6.1) (9.4 4.8) (9.4 6.1) (9.4 7.8) (7.8 4.8) (7.8 6.1) (7.8 5.7)
6 9 double 3.6 3.9 7.1 4.6 4 3.1 (3.6 7.1) (3.9 3.6) (3.9 4.6) (3.9 4) (7.1 3.9) (7.1 4.6) (4 3.6) (4 7.1) (3.1 3.6)
7 12 double 3 9.9 2.7 3.3 3.5 6.2 1.1 (3 9.9) (3 3.3) (3 3.5) (9.9 2.7) (9.9 3.5) (9.9 6.2) (2.7 3.5) (2.7 6.2) (6.2 3) (6.2 3.5) (1.1 3.5) (1.1 6.2)
7 8 int 27 44 70 87 85 21 99 (44 87) (44 85) (44 21) (70 44) (87 85) (21 70) (99 70) (99 85)
7 11 int 49 90 25 57 33 92 29 (90 57) (90 92) (90 29) (25 90) (25 92) (33 25) (92 49) (92 57) (92 29) (29 25) (29 33)
7 8 int 57 29 22 27 97 55 96 (57 22) (29 27) (29 55) (22 97) (27 22) (97 96) (96 57) (96 22)
7 9 int 79 51 29 36 50 19 68 (51 50) (29 79) (29 19) (36 79) (36 19) (50 19) (50 68) (68 79) (68 29)
7 9 double 4.5 3.9 5.8 3.1 7.1 7.7 9.8 (4.5 9.8) (3.9 5.8) (3.9 7.1) (5.8 7.7) (3.1 4.5) (3.1 9.8) (7.1 5.8) (7.7 4.5) (7.7 7.1)
7 11 int 60 41 20 47 99 34 25 (60 41) (41 47) (41 25) (20 41) (20 34) (47 60) (47 20) (99 34) (34 41) (25 47) (25 99)
7 11 double 6.4 1.4 6.8 8.6 3.1 6.6 4.6 (6.4 3.1) (1.4 6.6) (6.8 6.4) (6.8 8.6) (6.8 4.6) (8.6 3.1) (8.6 4.6) (3.1 6.6) (6.6 6.8) (6.6 8.6) (4.6 1.4)
8 15 int 91 53 26 99 83 63 42 44 (91 53) (53 99) (53 42) (26 53) (26 63) (26 42) (26 44) (99 26) (99 83) (83 91) (83 26) (63 99) (63 42) (42 83) (44 91)
8 17 double 3.8 9.6 9.8 8.6 3.6 7.2 5.9 8.4 (9.6 3.8) (9.6 7.2) (9.6 8.4) (9.8 3.6) (9.8 7.2) (8.6 3.8) (8.6 9.8) (3.6 8.6) (3.6 5.9) (3.6 8.4) (7.2 3.8) (7.2 8.6) (7.2 3.6) (7.2 5.9) (8.4 3.8) (8.4 9.8) (8.4 8.6)
8 9 double 2.7 7.5 6.9 1.7 5.1 3.7 1.6 9.6 (2.7 6.9) (7.5 1.6) (1.7 3.7) (3.7 7.5) (3.7 5.1) (1.6 5.1) (1.6 9.6) (9.6 2.7) (9.6 6.9)
8 10 char D Y K M A P O B (D A) (D B) (Y B) (K M) (K B) (M D) (A O) (P Y) (O D) (B M)
8 18 int 38 30 66 73 20 36 80 65 (38 73) (30 65) (66 73) (66 80) (20 38) (20 66) (20 73) (36 38) (36 73) (36 20) (36 80) (80 30) (80 73) (80 20) (80 65) (65 38) (65 66) (65 20)
9 22 double 9.8 9.1 5.9 9.5 7.4 2.1 8.1 3.1 5.3 (9.8 9.5) (9.8 7.4) (9.8 2.1) (9.1 5.9) (9.1 5.3) (5.9 2.1) (5.9 8.1) (5.9 3.1) (9.5 9.1) (9.5 7.4) (7.4 9.1) (7.4 2.1) (7.4 3.1) (2.1 3.1) (8.1 9.5) (8.1 2.1) (8.1 5.3) (3.1 9.1) (3.1 8.1) (5.3 9.8) (5.3 5.9) (5.3 9.5)
9 26 int 80 58 10 86 27 36 42 52 54 (80 27) (80 52) (80 54) (58 80) (58 10) (58 86) (58 36) (58 52) (58 54) (10 86) (10 36) (10 52) (86 80) (86 54) (27 58) (27 36) (27 54) (36 42) (42 80) (42 58) (42 86) (42 27) (52 36) (52 42) (54 10) (54 52)
9 10 int 43 15 74 22 49 47 70 81 26 (74 49) (74 70) (74 81) (22 43) (22 74) (22 49) (22 47) (47 15) (47 81) (81 26)
10 12 char W G Q X L S T K J U (W U) (G T) (Q S) (X T) (L Q) (S K) (T L) (T K) (K L) (J T) (U G) (U J)
10 27 char W X N O F V H I T G (W X) (W N) (W O) (W F) (W H) (X H) (X G) (N I) (N G) (O N) (F N) (F O) (F H) (V W) (V X) (V F) (H I) (H G) (I X) (I O) (I V) (I T) (I G) (T X) (G W) (G O) (G V)
10 30 int 47 79 55 54 21 13 15 84 26 22 (47 13) (79 55) (55 13) (55 15) (55 22) (54 13) (21 79) (21 55) (21 13) (21 15) (21 22) (13 15) (13 26) (15 47) (15 79) (15 54) (84 47) (84 79) (84 55) (84 54) (84 13) (84 15) (26 79) (26 54) (26 15) (22 47) (22 79) (22 54) (22 15) (22 26)
11 13 int 49 78 23 24 62 20 81 70 76 48 77 (49 23) (49 70) (78 70) (24 49) (24 62) (24 48) (62 49) (62 48) (20 78) (20 24) (81 78) (76 24) (48 20)
11 30 double 3.3 3.2 6.4 6.9 7.4 6 9.7 4.2 4.6 5.8 1.5 (3.3 9.7) (3.3 5.8) (3.2 3.3) (3.2 7.4) (3.2 4.2) (3.2 1.5) (6.4 4.2) (6.4 4.6) (6.9 3.2) (6.9 6) (6.9 1.5) (7.4 3.3) (7.4 6.4) (7.4 6.9) (7.4 5.8) (6 7.4) (6 9.7) (9.7 3.2) (9.7 6.4) (9.7 7.4) (4.2 3.3) (4.2 6) (4.2 4.6) (4.6 3.3) (4.6 6) (4.6 5.8) (5.8 3.2) (5.8 9.7) (1.5 7.4) (1.5 4.2)
11 18 int 32 63 61 23 45 60 70 56 98 38 48 (32 70) (63 61) (61 60) (61 38) (23 63) (45 63) (60 70) (70 61) (70 38) (56 63) (56 45) (98 63) (98 60) (38 45) (38 60) (38 98) (48 23) (48 56)
11 26 char H U T F P I D X Y S O (H U) (H P) (H D) (H X) (U X) (U O) (T F) (T S) (F S) (F O) (P U) (P F) (I H) (I F) (D P) (D I) (D S) (X T) (X F) (X Y) (Y I) (S H) (S U) (O T) (O P) (O D)
11 19 int 56 26 86 18 87 69 82 97 25 32 31 (56 26) (56 18) (56 69) (26 97) (86 31) (87 56) (87 18) (87 69) (69 31) (82 69) (82 97) (82 32) (32 56) (32 86) (32 69) (32 25) (31 26) (31 18) (31 82)
11 20 int 10 65 98 54 60 22 19 92 21 25 55 (10 19) (10 25) (65 54) (65 92) (65 21) (98 21) (98 25) (54 98) (54 22) (54 55) (60 98) (60 22) (60 19) (60 21) (22 25) (19 25) (19 55) (21 10) (25 54) (25 21)
12 23 char E J Q X G V Y T D O F K (E X) (E G) (J V) (Q F) (Q K) (X V) (X K) (G X) (G F) (V E) (V Q) (V T) (Y Q) (Y D) (T Y) (T F) (D O) (D K) (O E) (O X) (F E) (F K) (K E)
12 21 double 7.3 1.8 2.4 3.6 6.4 7.9 2.1 1.5 9 1.9 3 4.6 (7.3 1.5) (7.3 9) (7.3 4.6) (1.8 7.3) (1.8 2.4) (1.8 3.6) (1.8 2.1) (1.8 1.5) (1.8 9) (1.8 4.6) (2.4 6.4) (2.4 9) (3.6 3) (3.6 4.6) (7.9 1.8) (7.9 6.4) (7.9 1.5) (2.1 1.5) (1.5 9) (1.9 2.1) (3 9)
12 47 int 83 71 13 22 50 84 64 12 23 58 86 60 (83 50) (71 22) (71 50) (71 84) (71 60) (13 83) (13 71) (13 50) (13 64) (13 12) (22 83) (22 58) (22 86) (50 84) (50 86) (84 83) (84 64) (84 12) (84 23) (84 86) (64 83) (64 50) (12 83) (12 22) (12 64) (12 23) (12 58) (12 86) (23 83) (23 13) (23 64) (23 58) (23 86) (23 60) (58 83) (58 71) (58 13) (58 84) (58 64) (58 60) (86 13) (86 64) (86 58) (60 13) (60 22) (60 64) (60 12)
12 47 char C L S B M R Y G K X U Q (C M) (C Y) (C G) (C X) (C Q) (L C) (L M) (L R) (L G) (L X) (L Q) (S C) (S L) (S Y) (S G) (S X) (B C) (B L) (B S) (B Y) (B X) (M Y) (M G) (R C) (R S) (R B) (R M) (R U) (Y R) (Y G) (Y U) (G R) (G K) (G U) (K S) (K R) (K Y) (K Q) (X K) (U C) (U B) (U K) (U X) (Q R) (Q Y) (Q X) (Q U)
12 13 double 1.9 5.5 3.5 6 3.3 7.4 9.2 5.2 8.4 3.2 3.9 3.6 (1.9 3.5) (5.5 1.9) (6 5.5) (6 3.3) (6 5.2) (3.3 3.9) (7.4 1.9) (9.2 3.5) (9.2 5.2) (9.2 8.4) (9.2 3.6) (5.2 3.5) (3.2 7.4)
12 47 double 2.5 3.1 1.2 8 3.5 5.1 7.7 1.5 7.4 7.8 6.2 6.9 (2.5 5.1) (2.5 7.8) (3.1 8) (3.1 3.5) (3.1 5.1) (3.1 7.7) (3.1 7.4) (3.1 7.8) (3.1 6.9) (1.2 3.1) (1.2 5.1) (1.2 1.5) (1.2 7.4) (8 1.2) (8 3.5) (8 7.7) (8 7.4) (8 6.2) (8 6.9) (3.5 1.2) (3.5 7.8) (5.1 8) (5.1 7.7) (5.1 7.8) (5.1 6.2) (7.7 2.5) (7.7 7.8) (7.7 6.9) (1.5 3.1) (1.5 5.1) (1.5 7.7) (1.5 6.2) (7.4 1.5) (7.4 6.9) (7.8 1.2) (7.8 8) (7.8 1.5) (7.8 6.9) (6.2 2.5) (6.2 3.1) (6.2 1.2) (6.2 7.7) (6.2 7.4) (6.2 7.8) (6.9 3.5) (6.9 1.5) (6.9 6.2)
12 45 char N B L M Q J C I R W F E (N Q) (N W) (N E) (B N) (B L) (B M) (B C) (L M) (L C) (L F) (M C) (M I) (M R) (M W) (M E) (Q L) (J L) (J M) (J Q) (J W) (J E) (C W) (C E) (I N) (I B) (I C) (I F) (R L) (R Q) (R J) (R E) (W L) (W Q) (W I) (W R) (W F) (W E) (F N) (F B) (F Q) (F J) (F C) (E B) (E Q) (E I)
13 31 double 2.9 5.4 1.3 9.6 9.7 9.9 4 2.7 4.6 4.9 3.1 4.2 9.5 (2.9 5.4) (2.9 9.6) (2.9 9.7) (2.9 9.9) (2.9 4.6) (2.9 4.9) (5.4 9.6) (5.4 4.9) (5.4 3.1) (1.3 5.4) (1.3 9.6) (9.6 4) (9.6 4.6) (9.6 4.9) (9.7 9.6) (9.7 4.6) (9.7 4.2) (9.7 9.5) (4 5.4) (4 9.7) (4 4.6) (4 4.2) (2.7 1.3) (2.7 3.1) (4.6 3.1) (4.6 4.2) (4.6 9.5) (4.9 9.7) (4.9 9.5) (3.1 9.9) (9.5 1.3)
13 45 char S X A O Q D Y M P F G T W (S O) (S F) (S G) (S T) (S W) (X Q) (X D) (X M) (X F) (A M) (A T) (O A) (O G) (Q D) (Q Y) (Q M) (Q G) (D S) (D A) (D G) (Y S) (Y X) (Y A) (Y D) (Y F) (M O) (M D) (M W) (P A) (P O) (P D) (P Y) (P G) (F O) (F Q) (F P) (F G) (G A) (G M) (T O) (T Q) (T F) (T G) (W O) (W P)
13 34 int 82 72 20 98 70 39 30 15 19 80 29 81 75 (82 30) (82 15) (82 81) (72 70) (20 70) (20 29) (98 82) (98 72) (98 20) (98 19) (98 80) (98 81) (70 82) (70 39) (39 82) (39 30) (39 19) (30 98) (30 70) (30 81) (15 72) (15 98) (15 29) (15 75) (19 82) (19 20) (19 15) (80 81) (29 98) (81 20) (81 39) (75 20) (75 80) (75 29)
13 21 double 6.2 4.2 3.1 8 2.3 2.4 2.6 1.9 5.3 1.6 9.8 4.3 8.7 (6.2 2.4) (4.2 3.1) (4.2 2.3) (3.1 2.3) (3.1 2.6) (8 2.6) (8 9.8) (2.3 2.6) (2.3 4.3) (2.4 2.3) (2.4 2.6) (2.4 1.9) (2.6 8.7) (1.9 2.6) (5.3 3.1) (1.6 6.2) (1.6 9.8) (9.8 2.3) (9.8 2.4) (8.7 6.2) (8.7 4.2)
13 39 int 43 59 56 75 94 67 97 93 12 49 44 83 95 (43 94) (43 12) (43 49) (59 43) (59 94) (59 97) (59 49) (59 83) (56 43) (56 75) (75 97) (75 12) (75 95) (94 75) (94 67) (94 93) (94 49) (94 44) (67 43) (67 59) (67 56) (67 75) (67 44) (67 95) (97 67) (93 97) (93 44) (93 83) (12 67) (12 97) (12 44) (12 95) (49 12) (83 43) (83 97) (83 12) (95 94) (95 97) (95 83)
13 53 double 7.7 3.3 5.8 7.4 5.7 2.2 6.8 4.7 4.9 8.5 9.3 8.2 2.4 (7.7 3.3) (7.7 5.7) (3.3 5.7) (3.3 4.7) (3.3 4.9) (3.3 8.2) (3.3 2.4) (5.8 7.7) (5.8 2.2) (7.4 3.3) (7.4 5.8) (7.4 5.7) (7.4 6.8) (7.4 2.4) (5.7 5.8) (5.7 2.2) (5.7 6.8) (5.7 8.2) (2.2 3.3) (2.2 4.9) (2.2 8.5) (2.2 2.4) (6.8 3.3) (6.8 8.2) (4.7 7.7) (4.7 5.8) (4.7 5.7) (4.7 2.2) (4.7 6.8) (4.7 4.9) (4.7 9.3) (4.7 2.4) (4.9 7.7) (4.9 5.8) (4.9 7.4) (4.9 5.7) (4.9 6.8) (4.9 8.5) (4.9 9.3) (8.5 5.7) (8.5 4.7) (8.5 8.2) (9.3 5.8) (9.3 6.8) (9.3 8.5) (8.2 2.2) (8.2 4.9) (8.2 9.3) (8.2 2.4) (2.4 5.8) (2.4 5.7) (2.4 6.8) (2.4 9.3)
13 23 char M G F P Y C O D T V L A H (M G) (M V) (M L) (M H) (F O) (P F) (P T) (O G) (O P) (O V) (D T) (T M) (T C) (V F) (V L) (L P) (A M) (A F) (A O) (H Y) (H O) (H D) (H T)
14 15 int 86 30 69 27 14 41 10 47 57 33 67 80 68 77 (86 14) (69 41) (27 69) (14 67) (41 27) (10 33) (10 68) (47 14) (47 80) (67 68) (80 30) (80 14) (80 41) (77 86) (77 41)
14 58 double 5.6 8.1 2.4 7.8 9.2 9.5 2.2 7.6 7.4 1.2 7.3 8.3 6.8 2.8 (5.6 2.4) (5.6 2.2) (5.6 7.4) (5.6 1.2) (5.6 7.3) (5.6 8.3) (5.6 2.8) (8.1 2.4) (8.1 1.2) (8.1 8.3) (2.4 9.2) (2.4 9.5) (2.4 2.2) (2.4 1.2) (2.4 8.3) (2.4 6.8) (7.8 9.2) (7.8 8.3) (7.8 2.8) (9.2 5.6) (9.2 8.1) (9.2 9.5) (9.2 2.2) (9.2 7.4) (9.2 1.2) (9.2 7.3) (9.5 5.6) (9.5 7.8) (9.5 6.8) (2.2 7.8) (2.2 9.5) (2.2 7.4) (2.2 2.8) (7.6 5.6) (7.6 7.8) (7.6 8.3) (7.4 8.1) (7.4 7.8) (7.4 9.5) (7.4 7.6) (7.4 6.8) (1.2 7.8) (7.3 2.4) (7.3 7.8) (7.3 2.2) (7.3 7.4) (7.3 1.2) (7.3 2.8) (8.3 9.2) (8.3 2.2) (8.3 7.4) (8.3 2.8) (6.8 5.6) (6.8 7.8) (6.8 9.2) (6.8 7.6) (6.8 2.8) (2.8 1.2)
14 58 int 31 36 67 50 11 42 44 23 85 64 35 53 87 79 (31 50) (31 42) (31 35) (36 31) (36 11) (67 31) (67 11) (67 44) (67 85) (50 67) (50 35) (50 87) (50 79) (11 31) (11 50) (11 42) (11 44) (11 85) (11 64) (11 35) (11 53) (42 36) (42 67) (42 23) (42 85) (42 35) (42 79) (44 31) (44 36) (44 50) (23 36) (23 50) (23 11) (23 44) (85 31) (85 50) (85 44) (85 23) (85 53) (64 31) (64 23) (64 79) (35 44) (53 67) (53 50) (53 44) (53 23) (87 31) (87 67) (87 11) (87 42) (87 44) (87 85) (87 64) (79 31) (79 67) (79 11) (79 87)
15 63 double 8.8 6 5.8 7 8.5 8 4.2 9.9 7.9 8.9 2.1 5 3 9.1 3.5 (8.8 6) (8.8 8) (8.8 4.2) (8.8 5) (8.8 9.1) (6 5.8) (6 7) (6 9.1) (6 3.5) (5.8 8) (5.8 4.2) (5.8 3) (5.8 9.1) (5.8 3.5) (7 5.8) (7 4.2) (7 7.9) (7 9.1) (8.5 6) (8.5 5.8) (8.5 4.2) (8.5 9.9) (8.5 8.9) (8.5 3) (8.5 9.1) (8 8.5) (8 9.9) (8 2.1) (8 5) (4.2 6) (4.2 3.5) (9.9 8.8) (9.9 6) (9.9 5.8) (9.9 4.2) (9.9 2.1) (7.9 6) (7.9 5.8) (7.9 9.1) (8.9 5.8) (8.9 8) (8.9 9.9) (8.9 7.9) (8.9 5) (2.1 8.8) (2.1 6) (2.1 4.2) (2.1 7.9) (2.1 5) (2.1 9.1) (2.1 3.5) (3 8.8) (3 6) (3 8) (3 4.2) (3 9.9) (3 8.9) (3 2.1) (9.1 3) (3.5 7) (3.5 8.5) (3.5 7.9) (3.5 3)
15 39 char B K H X G M V Y R N I A P U F (B X) (K M) (K A) (K U) (H K) (H V) (X M) (X P) (X F) (G N) (G U) (M R) (M P) (Y A) (Y P) (R G) (R V) (R P) (N B) (N V) (N I) (N A) (I G) (I V) (A V) (A R) (A I) (A P) (A U) (P H) (P G) (P F) (U H) (U M) (U V) (U Y) (U I) (F B) (F A)
15 51 char O T Q B V K F Y H C A P D E W (O Q) (O Y) (O H) (Q H) (Q C) (B K) (B Y) (B H) (B C) (V O) (V T) (V Q) (V B) (V K) (V F) (V A) (K T) (K C) (F T) (F B) (F K) (F H) (F C) (Y F) (H K) (C O) (C V) (A Q) (A K) (A F) (A Y) (A C) (A P) (P K) (P Y) (P D) (P E) (D Q) (D B) (D K) (D F) (D E) (E Y) (W O) (W F) (W Y) (W H) (W C) (W A) (W P) (W D)
15 49 double 4.1 6 1.5 5.5 3.3 2.3 6.9 9.6 6.1 8.1 4.6 3.8 4.8 9.3 2.8 (4.1 5.5) (4.1 4.6) (4.1 3.8) (4.1 4.8) (6 5.5) (6 3.8) (1.5 4.1) (1.5 8.1) (1.5 3.8) (1.5 2.8) (5.5 1.5) (5.5 6.9) (5.5 9.6) (5.5 6.1) (5.5 4.6) (5.5 9.3) (3.3 1.5) (3.3 6.9) (3.3 4.6) (2.3 8.1) (2.3 9.3) (6.9 4.1) (6.9 6) (6.9 2.3) (6.9 4.6) (6.9 3.8) (9.6 2.3) (9.6 8.1) (9.6 2.8) (6.1 1.5) (6.1 8.1) (6.1 3.8) (8.1 5.5) (8.1 3.3) (8.1 3.8) (8.1 2.8) (4.6 1.5) (4.6 4.8) (4.6 2.8) (3.8 3.3) (3.8 9.6) (3.8 4.8) (3.8 9.3) (4.8 6) (4.8 9.6) (9.3 9.6) (9.3 6.1) (9.3 2.8) (2.8 6.9)
15 20 double 7.3 6.3 8.7 2.6 3 5.7 8.9 2.2 6.5 3.1 6.6 8.4 4.5 1 8.5 (6.3 3.1) (6.3 6.6) (6.3 1) (8.7 8.9) (2.6 8.7) (3 8.9) (3 6.5) (3 1) (5.7 8.9) (8.9 2.2) (8.9 6.5) (2.2 8.7) (3.1 3) (3.1 8.9) (6.6 7.3) (8.4 7.3) (8.4 2.2) (4.5 7.3) (1 8.9) (8.5 3.1)
15 66 int 51 90 19 27 63 48 38 59 85 76 57 78 37 69 87 (51 19) (51 48) (51 38) (90 19) (90 27) (90 38) (90 59) (90 76) (90 37) (90 69) (19 59) (27 51) (27 19) (27 59) (27 87) (63 51) (63 19) (63 27) (63 48) (63 69) (63 87) (48 90) (48 59) (48 37) (48 87) (38 19) (38 27) (38 59) (38 69) (59 51) (59 85) (59 78) (59 37) (85 90) (85 27) (85 63) (85 38) (85 78) (85 37) (85 87) (76 19) (76 27) (76 38) (76 59) (76 57) (57 90) (57 63) (57 48) (57 59) (57 78) (57 87) (78 51) (78 63) (78 48) (78 38) (78 76) (78 37) (78 87) (37 19) (37 57) (69 51) (69 27) (69 57) (69 37) (87 51) (87 69)
16 45 double 5.8 1.7 7.6 6.2 7.4 7.8 1.4 9.7 9.1 3.3 5.3 1.2 3.5 8.7 6.5 1.9 (5.8 9.7) (5.8 9.1) (5.8 8.7) (1.7 5.8) (1.7 7.4) (1.7 9.1) (1.7 1.2) (1.7 3.5) (7.6 5.8) (7.6 6.2) (7.6 1.4) (7.6 9.7) (6.2 5.3) (6.2 6.5) (6.2 1.9) (7.4 1.4) (7.4 9.1) (7.4 1.2) (7.4 3.5) (7.8 7.4) (7.8 3.3) (7.8 1.2) (7.8 8.7) (1.4 6.5) (1.4 1.9) (9.1 5.3) (3.3 7.6) (3.3 6.2) (3.3 7.4) (3.3 5.3) (3.3 8.7) (1.2 5.8) (1.2 6.2) (1.2 9.1) (1.2 3.5) (3.5 1.9) (8.7 1.4) (8.7 1.2) (6.5 7.8) (6.5 1.9) (1.9 7.6) (1.9 7.8) (1.9 9.1) (1.9 1.2) (1.9 8.7)
16 70 int 87 37 58 11 22 94 78 70 75 43 56 23 52 89 16 90 (87 37) (87 11) (87 22) (87 70) (87 23) (87 52) (37 16) (58 87) (58 37) (58 43) (58 89) (58 90) (11 37) (11 58) (11 22) (11 56) (11 16) (11 90) (22 37) (22 43) (22 23) (94 87) (94 58) (94 11) (94 78) (94 70) (78 37) (78 22) (78 75) (78 16) (78 90) (70 58) (70 56) (70 89) (70 16) (75 37) (75 11) (75 22) (75 56) (75 52) (43 11) (43 75) (43 56) (43 23) (56 58) (56 94) (56 78) (56 89) (56 16) (23 37) (23 78) (23 90) (52 22) (52 70) (52 43) (52 23) (52 16) (89 94) (89 78) (89 75) (89 52) (16 22) (16 43) (16 89) (90 87) (90 37) (90 22) (90 94) (90 70) (90 75)
16 32 double 3.8 7.1 9.6 7.2 8.5 1.8 6.6 9.8 2.6 1.1 1.9 3.6 5.3 6.3 3.3 9.2 (7.1 9.6) (7.1 6.3) (9.6 3.3) (7.2 1.9) (7.2 9.2) (8.5 1.1) (1.8 9.6) (1.8 7.2) (1.8 6.6) (1.8 1.1) (1.8 3.6) (6.6 1.1) (9.8 7.2) (2.6 9.8) (2.6 3.6) (1.1 3.8) (1.1 7.1) (1.1 9.6) (1.1 6.3) (1.1 9.2) (1.9 3.8) (1.9 1.1) (1.9 5.3) (1.9 6.3) (3.6 6.3) (5.3 6.6) (5.3 1.1) (6.3 8.5) (6.3 9.8) (9.2 6.6) (9.2 6.3) (9.2 3.3)
16 52 char K D M S I L G E O N U J Q X A F (K I) (K L) (K E) (K Q) (D S) (D O) (M O) (M N) (M J) (S N) (S U) (S A) (I S) (I Q) (L D) (L I) (L F) (G O) (G N) (G U) (E D) (E M) (E I) (E L) (E G) (E U) (E F) (O K) (O S) (O L) (O N) (O A) (N I) (N L) (U N) (U J) (U Q) (J K) (J O) (J F) (Q N) (Q A) (X K) (X L) (A G) (A J) (A X) (A F) (F K) (F G) (F O) (F Q)
16 66 double 4.5 4.7 5.1 5.7 7 2.4 7.8 2.6 8.8 5.5 3.9 6.7 4.6 4.4 2.9 6.4 (4.5 5.1) (4.5 5.7) (4.5 7) (4.5 2.6) (4.5 8.8) (4.5 3.9) (4.5 4.6) (4.5 4.4) (4.5 2.9) (4.7 5.7) (4.7 7.8) (4.7 2.6) (4.7 3.9) (4.7 4.4) (4.7 6.4) (5.1 3.9) (5.1 6.7) (5.7 5.1) (5.7 7.8) (5.7 8.8) (5.7 5.5) (5.7 6.7) (7 5.5) (7 2.9) (2.4 8.8) (2.4 5.5) (2.4 4.6) (2.4 4.4) (2.4 2.9) (7.8 4.5) (7.8 7) (7.8 5.5) (7.8 3.9) (7.8 2.9) (2.6 5.7) (2.6 6.7) (2.6 4.6) (2.6 2.9) (8.8 5.1) (8.8 7.8) (8.8 6.7) (8.8 6.4) (5.5 2.6) (5.5 3.9) (5.5 4.6) (5.5 2.9) (3.9 5.7) (3.9 4.4) (3.9 6.4) (6.7 7) (6.7 2.4) (6.7 7.8) (6.7 5.5) (6.7 2.9) (6.7 6.4) (4.6 5.1) (4.6 5.7) (4.6 6.4) (4.4 7) (4.4 7.8) (4.4 8.8) (4.4 6.7) (2.9 4.7) (6.4 4.5) (6.4 5.7) (6.4 2.9)
16 73 char M A H N T L S C R Q V O I D K J (M H) (M T) (M L) (M S) (M V) (A H) (A L) (A Q) (A O) (A I) (A J) (H N) (H L) (H S) (H Q) (H D) (H K) (N A) (N S) (N C) (N R) (N O) (N J) (T A) (T H) (T Q) (L N) (L C) (L R) (S L) (S C) (S R) (S O) (S I) (C A) (C H) (R H) (R T) (R V) (R D) (R K) (Q N) (Q L) (Q S) (Q I) (V A) (V N) (V T) (V L) (V J) (O M) (O H) (O L) (O D) (O J) (I N) (I T) (I C) (D A) (D N) (D C) (D I) (K M) (K N) (K T) (K L) (K S) (K I) (J L) (J C) (J R) (J Q) (J K)
16 60 int 28 13 70 69 98 86 90 74 66 45 27 34 55 17 91 76 (28 70) (28 98) (28 90) (28 66) (28 34) (13 98) (13 66) (13 27) (13 34) (13 91) (70 13) (70 86) (70 55) (70 91) (69 74) (69 66) (69 55) (98 70) (98 74) (98 45) (86 69) (86 98) (86 66) (86 27) (86 17) (90 13) (90 70) (90 69) (90 86) (90 55) (74 91) (66 70) (66 27) (45 76) (27 28) (27 70) (27 90) (27 45) (27 91) (34 69) (34 98) (34 66) (34 45) (34 55) (34 91) (55 28) (55 13) (55 98) (55 45) (55 17) (55 91) (17 91) (91 69) (76 28) (76 13) (76 70) (76 66) (76 27) (76 34) (76 55)
16 26 double 3.5 1.4 9 3.7 5.6 4.6 9.9 5.7 2.2 5.1 2.5 1.3 8.3 3 2.7 6.5 (3.5 5.6) (1.4 6.5) (3.7 2.7) (4.6 3.7) (4.6 5.7) (9.9 1.4) (9.9 3.7) (9.9 5.6) (9.9 4.6) (5.7 1.3) (5.7 3) (5.1 3) (2.5 9) (2.5 5.7) (1.3 3.7) (1.3 9.9) (8.3 3.5) (8.3 2.2) (8.3 2.5) (8.3 2.7) (3 1.3) (3 8.3) (2.7 2.2) (2.7 2.5) (6.5 5.7) (6.5 2.5)
16 53 int 77 86 43 88 23 99 32 42 55 49 71 70 62 87 39 19 (77 88) (77 55) (86 77) (86 99) (86 87) (43 77) (43 86) (88 43) (88 23) (88 99) (88 62) (88 87) (88 19) (23 86) (23 43) (23 39) (99 43) (99 23) (99 70) (32 88) (32 99) (32 70) (42 62) (55 42) (55 71) (55 62) (55 19) (49 88) (49 99) (49 55) (49 87) (71 32) (70 43) (70 88) (70 55) (70 62) (70 39) (62 23) (62 19) (87 23) (87 32) (87 55) (87 71) (87 70) (87 39) (87 19) (39 55) (39 71) (39 19) (19 23) (19 99) (19 71) (19 70)
17 26 double 7.4 5 4.5 8.9 1 6.9 1.1 3.5 6.1 1.6 3.2 3.6 8.1 3.1 7 7.1 7.6 (7.4 1.1) (7.4 7.6) (5 7.6) (8.9 5) (8.9 1.6) (8.9 3.6) (1 7.4) (1 7.1) (1 7.6) (6.9 7.4) (6.9 3.2) (6.9 3.1) (1.1 7.1) (3.5 3.2) (3.5 8.1) (6.1 5) (6.1 1) (6.1 1.6) (6.1 3.2) (1.6 3.6) (3.6 7.1) (8.1 7.4) (8.1 3.6) (3.1 7.4) (3.1 1.1) (7 3.1)
17 57 int 94 90 19 35 54 15 60 87 95 40 39 96 57 75 43 48 70 (94 19) (94 15) (94 95) (94 75) (94 70) (90 19) (90 35) (90 54) (90 57) (19 39) (19 43) (35 19) (35 95) (35 75) (54 94) (54 35) (54 60) (54 96) (54 57) (15 90) (15 60) (15 95) (60 90) (60 35) (60 95) (95 19) (95 54) (95 57) (40 35) (40 60) (40 87) (40 70) (39 94) (39 95) (39 70) (96 19) (96 95) (57 94) (57 19) (57 15) (57 39) (57 96) (57 48) (75 15) (75 60) (75 87) (75 39) (75 43) (75 70) (43 94) (43 15) (48 54) (48 95) (48 96) (70 15) (70 95) (70 48)
18 106 char H A V D Q L Y F M P G J O C W R X I (H A) (H V) (H L) (H C) (H X) (H I) (A V) (A L) (A Y) (A G) (A C) (A W) (A R) (V Q) (V L) (V Y) (V C) (V W) (D H) (D V) (D Y) (D F) (D M) (D P) (D G) (D C) (D W) (Q A) (Q P) (Q J) (Q C) (Q W) (L D) (L G) (L J) (L O) (L W) (F H) (F A) (F Q) (F L) (F J) (F W) (M H) (M A) (M V) (M Q) (M L) (M O) (M C) (M X) (P H) (P A) (P V) (P L) (P M) (P G) (P O) (G V) (G Q) (G Y) (G M) (G J) (G O) (G C) (G X) (J H) (J A) (J D) (J Y) (J C) (J W) (J R) (J I) (O H) (O Q) (O R) (O I) (C F) (C P) (C O) (C W) (C X) (W P) (W G) (W R) (W I) (R H) (R V) (R D) (R L) (R Y) (R P) (R G) (R C) (R I) (X V) (X Y) (X F) (X P) (I A) (I V) (I D) (I L) (I P) (I C)
18 65 double 7.7 5.4 2.3 8.2 1.8 2.2 8.4 6.3 2.7 3.6 4.7 3.5 7.3 2 3.9 7.9 2.8 4 (7.7 8.2) (7.7 1.8) (7.7 2.2) (7.7 6.3) (7.7 3.6) (7.7 4.7) (7.7 2.8) (5.4 2.2) (5.4 8.4) (5.4 2.7) (5.4 4.7) (5.4 3.5) (5.4 7.3) (2.3 6.3) (2.3 2.7) (2.3 7.9) (1.8 2.2) (1.8 2.7) (1.8 3.5) (1.8 7.3) (2.2 7.3) (8.4 7.7) (8.4 8.2) (8.4 1.8) (8.4 6.3) (6.3 2) (6.3 7.9) (2.7 8.4) (2.7 6.3) (2.7 3.6) (2.7 3.5) (2.7 2) (2.7 3.9) (2.7 2.8) (3.6 2.3) (3.6 2.2) (3.6 4.7) (3.6 3.9) (4.7 2) (4.7 7.9) (3.5 2.3) (3.5 8.2) (3.5 8.4) (7.3 7.7) (7.3 8.4) (7.3 2) (7.3 3.9) (7.3 4) (2 1.8) (2 2.2) (2 8.4) (2 3.6) (2 2.8) (3.9 6.3) (7.9 8.2) (7.9 3.6) (7.9 3.5) (7.9 7.3) (7.9 2) (2.8 2.3) (2.8 1.8) (2.8 3.6) (4 8.2) (4 3.6) (4 2.8)
19 78 char U T Q E O V P M K I D S W H N C R X L (U O) (U P) (U I) (U C) (U R) (T U) (T E) (T O) (T P) (Q C) (Q R) (E O) (E D) (E L) (O Q) (O N) (O X) (V U) (V T) (V O) (V C) (P H) (P X) (M U) (M T) (M Q) (M P) (M K) (M I) (M X) (M L) (K U) (K H) (I Q) (I S) (I N) (I C) (I R) (D U) (D V) (D N) (D X) (D L) (S P) (S M) (S K) (S D) (S W) (S C) (S X) (S L) (W O) (W V) (W H) (H V) (H S) (H N) (H X) (N U) (N M) (N W) (C O) (C K) (C H) (R E) (R O) (R V) (R P) (R D) (R S) (R H) (R X) (X E) (X I) (X W) (L T) (L W) (L R)
19 40 char T A G U F W J X O N L I Q S H C M D B (T O) (A N) (A M) (G F) (G W) (G J) (G S) (G H) (G C) (G D) (U T) (U Q) (F J) (F Q) (W D) (J T) (J U) (J S) (X L) (X C) (O F) (O S) (N X) (N L) (N H) (N M) (N D) (L G) (S Q) (H D) (H B) (C N) (C I) (C H) (C M) (D T) (D B) (B F) (B O) (B S)
19 31 double 8.7 5.4 8.9 5.8 1.7 2.9 7.1 6.5 3.5 1.5 5.1 1.1 7.8 3.2 3.7 6.7 9.1 7.7 5 (8.7 1.7) (8.7 1.1) (8.7 3.2) (8.7 6.7) (8.7 7.7) (5.4 8.9) (5.4 9.1) (8.9 1.5) (8.9 1.1) (8.9 7.7) (5.8 5.4) (5.8 7.8) (5.8 6.7) (5.8 9.1) (1.7 5.8) (1.7 3.2) (1.7 9.1) (6.5 7.8) (3.5 8.7) (3.5 3.2) (3.5 7.7) (5.1 7.1) (7.8 5) (3.2 1.1) (3.2 6.7) (3.2 9.1) (6.7 3.7) (7.7 5.1) (5 3.5) (5 1.5) (5 3.7)
19 111 char C H I P R V B G Y O A Q S D W M T E J (C B) (C O) (C A) (C T) (C E) (H C) (H R) (H V) (H B) (H A) (H S) (H M) (H J) (I C) (I H) (I A) (I W) (I E) (I J) (P H) (P R) (P V) (P Y) (P O) (P D) (P T) (R G) (R W) (R J) (V C) (V B) (V Y) (V O) (V Q) (V D) (V T) (V E) (B R) (B Y) (B Q) (B W) (B T) (B E) (B J) (G P) (G V) (G B) (G S) (G W) (Y R) (Y A) (Y D) (Y E) (O H) (O I) (O G) (O Q) (O D) (A R) (A B) (A G) (A O) (Q C) (Q H) (Q P) (Q R) (S I) (S P) (S R) (S O) (S A) (S Q) (S D) (S E) (D C) (D H) (D R) (D B) (D G) (D A) (D Q) (D M) (D E) (W Y) (W Q) (W S) (W D) (M C) (M I) (M P) (M V) (M G) (M Q) (M W) (M J) (T H) (T R) (T G) (T O) (T A) (E H) (E R) (E G) (E Q) (E M) (E T) (J P) (J V) (J O) (J A) (J T)
19 111 char C S Q X R F P M K H A I U T W L G D Y (C R) (C M) (C L) (C Y) (S F) (S H) (S A) (S I) (S L) (Q C) (Q S) (Q R) (Q K) (Q T) (X C) (X S) (X R) (X F) (X A) (X U) (X W) (X D) (R S) (R K) (R H) (R L) (R Y) (F Q) (F R) (F H) (F W) (P C) (P S) (P Q) (P A) (P U) (P T) (M R) (M F) (M K) (M W) (M D) (M Y) (K S) (K P) (K A) (K W) (H C) (H Q) (H X) (H K) (H A) (H U) (H D) (A C) (A F) (A M) (A I) (A U) (A L) (A G) (I C) (I R) (I F) (I K) (I H) (I Y) (U C) (U Q) (U K) (U L) (U G) (T C) (T F) (T K) (T H) (T A) (T L) (T D) (T Y) (W S) (W R) (W P) (W A) (W U) (W L) (W G) (W Y) (L Q) (L X) (L P) (L H) (L G) (G C) (G Q) (G F) (G P) (G K) (G D) (D C) (D S) (D P) (D U) (Y Q) (Y X) (Y F) (Y P) (Y K) (Y U) (Y L) (Y G)
19 64 char L D B V U Q X F T H Y O M C P W R G N (L C) (L P) (L N) (D O) (D R) (B F) (B Y) (V L) (V D) (V B) (V Q) (V X) (V M) (U L) (U D) (U V) (U Q) (U X) (Q H) (Q M) (Q R) (X D) (X Y) (X G) (F D) (F V) (T Q) (T O) (T M) (H L) (H X) (H O) (H W) (O U) (O C) (O P) (O G) (M D) (M B) (M U) (M H) (M O) (M C) (M P) (C T) (P F) (P T) (W X) (W F) (W T) (W O) (R B) (R P) (R W) (G B) (G V) (G U) (G F) (G T) (G M) (G C) (N U) (N Q) (N R)
20 35 char D T P U Y C J B R O M H I F V L N Q K G (D O) (D H) (P L) (U B) (Y B) (Y O) (Y F) (C P) (C R) (B P) (B O) (B H) (B N) (R H) (R Q) (O V) (M R) (M F) (H Y) (I J) (I H) (I Q) (F T) (F P) (V P) (L D) (L N) (N R) (N V) (Q J) (Q H) (K M) (G D) (G V) (G Q)
20 40 int 54 94 48 22 18 34 55 77 28 79 25 88 20 21 92 59 42 72 89 74 (54 18) (94 79) (94 88) (48 25) (48 20) (22 20) (22 74) (18 22) (18 28) (18 21) (55 94) (55 20) (77 88) (77 72) (28 22) (28 55) (28 92) (28 59) (25 94) (88 54) (88 72) (20 94) (20 28) (20 92) (21 94) (21 22) (21 55) (21 25) (92 25) (59 94) (59 21) (42 94) (42 21) (72 54) (72 25) (89 48) (89 18) (89 88) (74 34) (74 21)
20 60 double 4.6 4.2 2.2 3.5 1.5 9.3 5.3 5 3.3 8.2 5.6 1.7 7.9 4 9.2 9 1.4 4.4 8.4 5.5 (4.6 1.7) (4.6 4.4) (4.2 5.3) (4.2 9.2) (4.2 9) (2.2 3.5) (3.5 4.2) (3.5 5) (3.5 7.9) (1.5 4.2) (1.5 9) (9.3 4.6) (9.3 4.2) (9.3 5.3) (9.3 9) (9.3 1.4) (5.3 3.5) (5.3 3.3) (5 2.2) (5 3.3) (5 4.4) (3.3 9.3) (3.3 7.9) (3.3 9) (8.2 9.2) (5.6 4.6) (5.6 2.2) (5.6 8.2) (5.6 5.5) (1.7 4.2) (1.7 2.2) (1.7 5.3) (1.7 4) (1.7 9.2) (1.7 1.4) (1.7 5.5) (7.9 4.6) (7.9 1.5) (7.9 8.2) (7.9 5.5) (4 3.5) (4 5.3) (4 7.9) (4 8.4) (9.2 5.3) (9.2 5.5) (9 4.6) (9 2.2) (9 4.4) (1.4 2.2) (1.4 9.2) (1.4 9) (4.4 5.6) (4.4 1.7) (8.4 9.3) (8.4 5.3) (8.4 3.3) (8.4 5.5) (5.5 2.2) (5.5 9)
20 130 double 1.3 6.6 3.7 3.1 2.6 6.1 5 4.2 9.2 2.5 5.2 1.9 8 7.8 1.5 3 2.8 8.8 1.7 8.3 (1.3 6.6) (1.3 3.1) (1.3 6.1) (1.3 8) (1.3 2.8) (6.6 5) (6.6 4.2) (6.6 5.2) (6.6 1.5) (6.6 3) (3.7 3.1) (3.1 6.6) (3.1 6.1) (3.1 9.2) (3.1 1.5) (3.1 1.7) (2.6 4.2) (2.6 9.2) (2.6 8) (2.6 1.5) (2.6 3) (2.6 1.7) (6.1 2.6) (6.1 9.2) (6.1 2.5) (6.1 5.2) (6.1 1.7) (5 1.3) (5 2.6) (5 6.1) (5 4.2) (5 8) (5 7.8) (5 8.8) (4.2 6.1) (4.2 9.2) (4.2 1.9) (4.2 8) (4.2 7.8) (4.2 8.8) (9.2 1.3) (9.2 6.6) (9.2 3.7) (9.2 2.5) (9.2 8) (9.2 7.8) (9.2 3) (9.2 8.3) (2.5 6.6) (2.5 3.1) (2.5 2.6) (2.5 5) (2.5 7.8) (2.5 1.5) (2.5 2.8) (2.5 1.7) (5.2 1.3) (5.2 3.7) (5.2 3.1) (5.2 2.6) (5.2 9.2) (5.2 1.5) (1.9 6.6) (1.9 3.7) (1.9 3.1) (1.9 2.6) (1.9 6.1) (1.9 5) (1.9 9.2) (1.9 5.2) (1.9 8) (1.9 1.5) (1.9 3) (1.9 2.8) (1.9 8.8) (8 6.6) (8 3.7) (8 5.2) (8 7.8) (8 1.5) (8 8.3) (7.8 1.3) (7.8 6.6) (7.8 3.7) (7.8 3.1) (7.8 2.6) (7.8 6.1) (7.8 8.3) (1.5 1.3) (1.5 6.1) (1.5 5) (1.5 9.2) (1.5 7.8) (1.5 3) (1.5 2.8) (1.5 8.8) (3 3.1) (3 6.1) (3 5) (3 4.2) (3 2.5) (3 5.2) (3 8) (3 2.8) (2.8 6.6) (2.8 3.7) (2.8 6.1) (2.8 5) (2.8 4.2) (2.8 8) (2.8 7.8) (2.8 1.7) (8.8 3.7) (8.8 5.2) (1.7 1.3) (1.7 6.6) (1.7 3.7) (1.7 5) (1.7 8) (1.7 8.3) (8.3 1.3) (8.3 6.6) (8.3 3.1) (8.3 2.6) (8.3 6.1) (8.3 4.2) (8.3 2.5) (8.3 5.2) (8.3 3) (8.3 8.8)
20 126 double 6.9 1.6 9.5 4.9 8.2 9.2 8.7 6.6 3.7 8.5 1.7 6.1 3.1 9.4 3.3 9.7 5.9 7.9 7.2 1.9 (6.9 1.6) (6.9 8.7) (6.9 6.6) (6.9 6.1) (6.9 3.3) (1.6 9.5) (1.6 8.2) (1.6 3.3) (1.6 5.9) (1.6 1.9) (9.5 6.9) (9.5 8.2) (9.5 3.1) (9.5 7.9) (9.5 1.9) (4.9 6.9) (4.9 1.6) (4.9 3.7) (4.9 8.5) (4.9 1.7) (4.9 6.1) (4.9 3.1) (8.2 4.9) (8.2 9.2) (8.2 1.7) (8.2 3.3) (8.2 7.2) (8.2 1.9) (9.2 6.9) (9.2 1.6) (9.2 9.5) (9.2 4.9) (9.2 8.7) (9.2 1.7) (9.2 6.1) (9.2 3.3) (9.2 9.7) (8.7 4.9) (8.7 8.2) (8.7 6.6) (8.7 8.5) (8.7 6.1) (8.7 7.2) (6.6 1.6) (6.6 8.2) (6.6 9.2) (6.6 8.5) (6.6 6.1) (6.6 3.3) (6.6 9.7) (6.6 1.9) (3.7 6.9) (3.7 1.6) (3.7 8.2) (3.7 9.2) (3.7 6.6) (3.7 3.1) (3.7 9.4) (3.7 1.9) (8.5 6.9) (8.5 1.6) (8.5 9.5) (8.5 8.2) (8.5 3.1) (8.5 5.9) (8.5 7.2) (1.7 1.6) (1.7 9.5) (1.7 6.6) (1.7 9.4) (1.7 9.7) (1.7 1.9) (6.1 9.5) (6.1 8.2) (6.1 3.7) (6.1 8.5) (6.1 9.7) (6.1 5.9) (6.1 1.9) (3.1 1.6) (3.1 6.6) (3.1 9.4) (3.1 7.9) (9.4 6.9) (9.4 9.5) (9.4 4.9) (9.4 9.2) (9.4 8.7) (9.4 6.1) (9.4 3.3) (9.4 9.7) (9.4 7.2) (3.3 8.7) (3.3 6.1) (3.3 7.2) (3.3 1.9) (9.7 8.2) (9.7 3.7) (9.7 3.3) (9.7 7.2) (9.7 1.9) (5.9 6.9) (5.9 9.5) (5.9 4.9) (5.9 3.3) (7.9 8.7) (7.9 6.6) (7.9 8.5) (7.9 1.7) (7.9 6.1) (7.9 9.4) (7.9 3.3) (7.9 9.7) (7.2 6.9) (7.2 1.6) (7.2 9.5) (7.2 6.6) (7.2 6.1) (7.2 5.9) (7.2 7.9) (7.2 1.9) (1.9 4.9) (1.9 9.2) (1.9 3.1) (1.9 5.9) (1.9 7.9)
21 111 char U D X E Y G A I B S C N M W F R V H P O L (U I) (U N) (U M) (U V) (U L) (D Y) (D A) (D H) (D L) (X E) (X B) (X F) (E I) (E B) (E S) (E N) (E M) (E H) (Y U) (Y G) (Y C) (Y O) (G D) (G B) (G N) (G M) (G F) (G R) (G H) (A U) (A I) (A P) (I D) (I Y) (I N) (I P) (B U) (B I) (B C) (S U) (S X) (S Y) (S A) (S M) (S V) (S P) (S O) (C D) (C E) (C A) (C I) (C O) (C L) (N D) (N Y) (N A) (N H) (N O) (M Y) (M I) (M B) (M C) (M R) (M V) (M H) (M P) (W U) (W X) (W E) (W G) (W B) (W R) (W H) (W O) (F A) (F I) (F C) (F N) (F M) (R X) (R A) (V E) (V Y) (V C) (V N) (V O) (H Y) (H I) (H S) (H C) (H V) (H L) (P U) (P D) (P X) (P Y) (P G) (P B) (P C) (P R) (P O) (O U) (O G) (O R) (O L) (L G) (L B) (L S) (L N) (L M) (L V)
21 95 int 42 17 84 60 92 32 93 31 45 28 54 36 90 58 82 38 30 46 91 16 79 (42 17) (42 60) (42 82) (42 79) (17 60) (17 32) (17 93) (17 28) (17 90) (84 17) (84 92) (84 32) (84 31) (84 82) (60 84) (60 31) (60 45) (60 28) (60 30) (92 93) (92 28) (92 36) (92 30) (32 58) (32 79) (93 60) (93 31) (93 91) (31 45) (31 36) (45 54) (45 36) (45 90) (45 58) (45 38) (45 91) (45 79) (28 42) (28 93) (28 31) (28 45) (28 36) (28 90) (28 16) (54 42) (54 28) (54 58) (54 16) (54 79) (36 42) (36 84) (36 93) (36 54) (36 58) (36 91) (90 84) (90 60) (90 92) (90 54) (90 82) (90 38) (90 30) (58 84) (58 46) (58 16) (58 79) (82 17) (82 32) (82 28) (82 46) (82 91) (38 84) (38 92) (38 54) (38 30) (30 32) (30 28) (30 58) (30 91) (46 92) (46 32) (46 45) (46 28) (46 54) (46 90) (46 38) (46 79) (91 42) (91 17) (16 84) (16 93) (16 82) (16 30) (79 28) (79 38)
21 47 int 29 48 70 39 73 98 66 35 69 78 62 86 22 99 32 36 23 58 89 75 63 (29 98) (29 66) (29 63) (48 86) (70 39) (70 22) (70 32) (70 89) (39 29) (39 98) (39 69) (39 99) (39 36) (39 23) (39 89) (73 75) (98 32) (98 75) (66 62) (66 63) (35 32) (35 63) (69 48) (69 73) (69 58) (69 89) (78 75) (62 48) (62 73) (62 98) (86 29) (86 66) (22 69) (99 35) (32 22) (23 22) (23 32) (58 29) (58 32) (89 73) (89 66) (89 36) (75 48) (75 99) (63 39) (63 73) (63 99)
21 57 double 1.8 7.4 6.6 4.6 4.9 3.7 4.2 4.8 8.8 1.4 6.7 2.3 9.1 3.6 5.6 1.2 5.3 4.1 6.3 3.5 3.9 (1.8 4.9) (1.8 3.7) (1.8 8.8) (1.8 9.1) (7.4 1.4) (7.4 2.3) (7.4 9.1) (7.4 1.2) (6.6 4.1) (6.6 6.3) (4.6 4.9) (4.6 3.7) (4.6 6.3) (4.6 3.5) (4.9 8.8) (4.9 2.3) (4.9 3.6) (3.7 6.6) (3.7 9.1) (4.2 4.6) (4.2 4.9) (4.2 3.7) (4.8 4.2) (4.8 5.6) (4.8 4.1) (8.8 5.3) (6.7 1.2) (6.7 5.3) (2.3 3.6) (2.3 1.2) (9.1 4.9) (9.1 5.6) (3.6 6.6) (3.6 4.2) (3.6 1.4) (5.6 4.2) (5.6 5.3) (1.2 5.6) (5.3 7.4) (5.3 4.8) (5.3 1.4) (5.3 1.2) (5.3 3.9) (4.1 4.2) (4.1 9.1) (4.1 3.5) (6.3 8.8) (6.3 6.7) (6.3 9.1) (6.3 5.3) (6.3 3.5) (3.5 6.6) (3.5 4.9) (3.5 4.2) (3.9 4.6) (3.9 4.8) (3.9 8.8)
22 142 double 4 2.3 6.3 2.8 5.2 7.3 5.4 9.2 3 3.4 1.7 2.6 1.6 1.5 7.5 9.5 1.4 9.3 8.9 6.4 7.9 3.9 (4 6.3) (4 5.4) (4 2.6) (4 1.5) (4 9.5) (4 9.3) (2.3 4) (2.3 6.3) (2.3 5.2) (2.3 5.4) (2.3 3.4) (2.3 2.6) (2.3 1.6) (2.3 1.5) (2.3 7.5) (2.3 1.4) (2.3 9.3) (2.3 8.9) (2.3 6.4) (2.3 3.9) (6.3 2.8) (6.3 7.3) (6.3 3) (6.3 1.4) (6.3 6.4) (6.3 7.9) (2.8 4) (2.8 1.5) (2.8 7.5) (5.2 4) (5.2 7.3) (5.2 3) (5.2 1.6) (5.2 8.9) (5.2 3.9) (7.3 2.8) (7.3 9.2) (7.3 1.4) (7.3 7.9) (5.4 6.3) (5.4 5.2) (5.4 7.3) (5.4 2.6) (5.4 9.3) (5.4 7.9) (9.2 4) (9.2 6.3) (9.2 5.2) (9.2 3) (9.2 1.7) (9.2 1.5) (9.2 9.5) (9.2 1.4) (9.2 3.9) (3 2.3) (3 2.8) (3 5.4) (3 1.6) (3 1.4) (3 9.3) (3 8.9) (3 6.4) (3.4 2.8) (3.4 5.2) (3.4 7.3) (3.4 9.2) (3.4 3) (3.4 1.6) (3.4 1.5) (3.4 9.3) (3.4 7.9) (3.4 3.9) (1.7 4) (1.7 3) (1.7 1.5) (1.7 7.5) (1.7 6.4) (2.6 6.3) (2.6 5.2) (2.6 7.3) (2.6 3) (2.6 3.4) (2.6 1.6) (2.6 1.5) (2.6 7.5) (2.6 9.5) (2.6 6.4) (2.6 7.9) (1.6 2.8) (1.6 7.3) (1.6 5.4) (1.6 9.5) (1.6 7.9) (1.6 3.9) (1.5 9.3) (1.5 8.9) (1.5 6.4) (1.5 7.9) (1.5 3.9) (7.5 5.2) (7.5 5.4) (7.5 9.2) (7.5 1.6) (7.5 1.5) (7.5 9.5) (9.5 3.4) (9.5 1.4) (9.5 6.4) (1.4 1.7) (1.4 1.6) (1.4 9.3) (1.4 3.9) (9.3 2.8) (9.3 7.3) (9.3 9.2) (9.3 1.7) (9.3 7.5) (9.3 9.5) (9.3 6.4) (8.9 9.2) (8.9 3.4) (8.9 2.6) (8.9 1.6) (8.9 1.4) (6.4 2.8) (6.4 5.2) (6.4 7.3) (6.4 3.4) (6.4 7.5) (6.4 1.4) (6.4 7.9) (7.9 4) (7.9 2.8) (7.9 9.2) (7.9 1.4) (7.9 9.3) (7.9 8.9) (7.9 3.9) (3.9 5.4) (3.9 3) (3.9 2.6) (3.9 8.9)
22 86 double 3.9 4.3 3.7 8 1.4 4.8 6.6 6.1 1.9 5.5 9.3 1.1 8.3 4.7 1.8 9.6 7.6 7 8.2 1 8.6 7.4 (3.9 6.1) (3.9 5.5) (3.9 4.7) (3.9 8.2) (4.3 3.9) (4.3 6.1) (3.7 8) (3.7 6.6) (8 4.8) (8 6.1) (8 8.3) (8 4.7) (1.4 5.5) (1.4 4.7) (4.8 4.3) (4.8 3.7) (4.8 6.1) (4.8 9.3) (4.8 1.8) (4.8 9.6) (4.8 8.2) (6.6 4.3) (6.6 8) (6.6 5.5) (6.6 9.3) (6.6 1.8) (6.6 9.6) (6.6 7.6) (6.6 7) (6.6 8.6) (6.1 3.7) (6.1 6.6) (6.1 8.3) (6.1 8.6) (6.1 7.4) (1.9 8) (1.9 6.6) (1.9 1.1) (1.9 8.2) (5.5 4.8) (5.5 1.1) (5.5 9.6) (5.5 7) (9.3 8) (9.3 1.4) (9.3 7) (1.1 3.9) (1.1 1.4) (1.1 8.3) (8.3 3.7) (8.3 1.4) (8.3 1.9) (8.3 9.3) (8.3 1.8) (8.3 8.6) (4.7 9.3) (4.7 9.6) (1.8 4.3) (1.8 3.7) (1.8 8) (1.8 1.4) (1.8 1) (1.8 8.6) (9.6 1.1) (9.6 8.3) (7.6 3.9) (7.6 4.3) (7.6 3.7) (7.6 7) (7.6 8.2) (7 3.7) (7 8) (7 8.2) (7 1) (8.2 8.3) (8.2 4.7) (1 4.3) (1 1.4) (1 4.8) (1 8.2) (8.6 3.9) (8.6 7) (8.6 7.4) (7.4 6.6) (7.4 7.6) (7.4 1)
22 141 double 2.4 4.1 4.6 4 9.5 8.4 8.8 1.2 5.1 7.6 7.3 1 1.3 7 5.4 3.9 5.6 8.2 5 9.2 7.2 3.4 (2.4 4.6) (2.4 8.4) (2.4 1.2) (2.4 7.6) (2.4 1) (2.4 1.3) (2.4 5.4) (2.4 3.9) (2.4 7.2) (4.1 4) (4.1 8.8) (4.1 5.1) (4.1 5.4) (4.6 4) (4.6 8.8) (4.6 5.1) (4.6 7.6) (4.6 1) (4.6 5.4) (4.6 3.9) (4.6 7.2) (4.6 3.4) (4 8.8) (4 1.2) (4 7.6) (4 3.9) (4 5.6) (4 9.2) (4 3.4) (9.5 4.1) (9.5 4.6) (9.5 8.4) (9.5 7.6) (9.5 7) (9.5 3.9) (9.5 9.2) (8.4 4.1) (8.4 4.6) (8.4 4) (8.4 5.1) (8.4 7.3) (8.4 1) (8.4 3.9) (8.4 5.6) (8.4 5) (8.8 2.4) (8.8 1.2) (8.8 5.1) (8.8 1) (8.8 7) (8.8 5.4) (8.8 8.2) (8.8 7.2) (1.2 4.1) (1.2 4.6) (1.2 7.6) (1.2 7) (1.2 3.4) (5.1 4) (5.1 9.5) (5.1 7.3) (5.1 1) (5.1 5.6) (5.1 5) (7.6 4.1) (7.6 5.4) (7.6 9.2) (7.3 9.5) (7.3 8.8) (7.3 7.6) (7.3 1) (7.3 7) (7.3 5.4) (7.3 3.9) (1 4) (1 9.5) (1 1.2) (1 7.6) (1 5) (1.3 4.1) (1.3 4.6) (1.3 4) (1.3 3.9) (1.3 5.6) (7 2.4) (7 4) (7 5.1) (7 5.6) (7 7.2) (5.4 9.5) (5.4 8.4) (5.4 1.2) (5.4 1) (5.4 7) (5.4 8.2) (5.4 5) (5.4 7.2) (3.9 4.1) (3.9 1.2) (3.9 7.6) (3.9 1) (3.9 5.4) (3.9 8.2) (3.9 9.2) (3.9 7.2) (3.9 3.4) (5.6 4.1) (5.6 8.8) (5.6 1.2) (5.6 9.2) (5.6 7.2) (8.2 4.6) (8.2 4) (8.2 1.2) (8.2 7.6) (8.2 1.3) (8.2 5) (8.2 9.2) (8.2 7.2) (5 4.1) (5 4) (5 8.8) (5 1.2) (5 9.2) (9.2 4.6) (9.2 8.4) (9.2 7.3) (9.2 1.3) (9.2 7) (9.2 7.2) (7.2 9.5) (7.2 5.1) (7.2 7.3) (7.2 3.4) (3.4 9.5) (3.4 8.8) (3.4 7.6) (3.4 7.3) (3.4 1) (3.4 5.4) (3.4 5)
22 107 int 82 94 32 42 73 72 58 43 25 84 33 65 96 90 62 49 69 26 48 15 19 99 (82 84) (82 90) (82 62) (82 69) (82 99) (94 82) (94 73) (94 65) (94 62) (94 49) (32 43) (32 25) (42 94) (42 25) (42 96) (42 49) (73 43) (73 65) (73 96) (73 90) (73 62) (72 42) (72 25) (72 49) (72 48) (58 73) (58 43) (58 96) (58 49) (58 26) (58 15) (58 99) (43 49) (43 26) (25 94) (25 43) (25 65) (84 94) (84 58) (84 48) (84 15) (84 19) (33 82) (33 32) (33 25) (33 84) (33 65) (33 69) (33 26) (33 99) (65 32) (65 58) (65 62) (96 82) (96 94) (96 84) (96 33) (96 90) (96 48) (96 15) (90 42) (90 72) (90 58) (90 43) (90 25) (90 62) (90 49) (90 26) (90 48) (62 72) (49 32) (49 73) (49 65) (69 94) (69 32) (69 43) (69 25) (69 84) (69 99) (26 94) (26 42) (26 25) (26 84) (26 96) (26 49) (48 94) (48 25) (48 99) (15 82) (15 72) (15 43) (15 90) (15 49) (15 69) (15 19) (19 42) (19 73) (19 58) (19 49) (19 69) (19 26) (99 94) (99 73) (99 43) (99 96) (99 15) (99 19)
22 158 int 86 67 94 80 98 16 63 46 91 21 43 97 12 23 42 26 35 82 59 31 89 33 (86 43) (86 59) (86 89) (86 33) (67 94) (67 46) (67 21) (67 42) (67 35) (67 31) (94 80) (94 63) (94 46) (94 21) (94 12) (94 82) (94 89) (94 33) (80 67) (80 98) (80 97) (80 23) (80 35) (80 59) (98 67) (98 94) (98 16) (98 46) (98 91) (98 21) (98 97) (98 42) (98 26) (98 59) (98 33) (16 86) (16 67) (16 94) (16 80) (16 63) (16 21) (16 59) (16 31) (16 89) (63 67) (63 46) (63 43) (63 12) (63 26) (63 82) (63 59) (46 80) (46 16) (46 42) (91 67) (91 94) (91 80) (91 16) (91 63) (91 46) (21 63) (21 91) (21 43) (21 97) (21 12) (21 23) (21 42) (21 82) (21 89) (43 98) (43 16) (43 46) (43 91) (43 12) (43 26) (43 59) (43 89) (43 33) (97 63) (97 46) (97 43) (97 12) (97 23) (97 26) (97 31) (12 67) (12 98) (12 46) (12 91) (23 67) (23 94) (23 91) (23 43) (23 12) (23 42) (23 26) (23 31) (23 89) (23 33) (42 86) (42 16) (42 63) (42 43) (42 97) (42 12) (26 67) (26 94) (26 16) (26 46) (26 91) (26 21) (26 42) (26 82) (35 94) (35 16) (35 63) (35 46) (35 91) (35 43) (35 97) (35 12) (35 23) (35 31) (82 86) (82 98) (82 46) (82 97) (82 12) (82 23) (82 42) (82 59) (82 31) (59 12) (59 23) (31 86) (31 94) (31 63) (31 46) (31 43) (31 12) (31 42) (31 26) (31 89) (89 67) (89 63) (89 26) (89 82) (89 59) (89 33) (33 80) (33 16) (33 21) (33 97) (33 42) (33 35) (33 82) (33 59) (33 31)
23 101 char X U W D T C B Y Q O P A R I J M V G E F L S N (X B) (X P) (X J) (X S) (X N) (U I) (U V) (U F) (U L) (W B) (W Y) (W Q) (W P) (W E) (W S) (D U) (D T) (D C) (D I) (D G) (D E) (D N) (T C) (T P) (T V) (T F) (T L) (C W) (C G) (C F) (B D) (B O) (B V) (B E) (B L) (B N) (Y X) (Y J) (Y E) (Y L) (Y N) (Q X) (Q U) (Q C) (Q S) (O T) (O Y) (O R) (O S) (O N) (P C) (P B) (P Y) (P R) (P M) (P V) (P L) (P N) (A D) (A Y) (A O) (A L) (R W) (R B) (R Y) (R A) (R M) (R N) (I X) (I C) (I R) (J T) (J C) (J O) (J P) (J L) (M U) (M O) (V W) (V J) (V M) (G Y) (G P) (G I) (G M) (E M) (E V) (E F) (F D) (F Q) (F P) (F R) (F I) (F J) (L M) (S U) (S M) (N W) (N Q) (N A) (N E)
23 118 double 1.4 2.5 4.3 7 3.8 9.7 2.2 6.5 1.7 8.7 8 4.2 4.1 5.5 9.5 8.4 7.8 5.1 3.1 8.6 5 3.6 1.6 (1.4 6.5) (1.4 4.2) (1.4 7.8) (1.4 5) (2.5 2.2) (2.5 6.5) (2.5 8) (2.5 4.2) (2.5 5.5) (2.5 8.6) (2.5 5) (2.5 3.6) (2.5 1.6) (4.3 2.5) (4.3 3.8) (4.3 9.7) (4.3 1.7) (4.3 1.6) (7 1.7) (7 8) (7 5.5) (3.8 2.5) (3.8 7) (3.8 9.7) (3.8 1.7) (3.8 4.1) (3.8 9.5) (3.8 3.1) (3.8 8.6) (9.7 4.1) (9.7 5.5) (9.7 9.5) (9.7 3.1) (9.7 5) (9.7 3.6) (9.7 1.6) (2.2 1.4) (2.2 7) (2.2 8.7) (2.2 8) (2.2 4.2) (2.2 4.1) (2.2 5.1) (6.5 7) (6.5 9.7) (6.5 5.5) (1.7 5.5) (1.7 3.1) (8.7 7) (8.7 9.5) (8.7 7.8) (8.7 5.1) (8.7 3.1) (8.7 1.6) (8 8.4) (8 5.1) (8 8.6) (8 5) (8 3.6) (4.2 4.3) (4.2 9.7) (4.2 9.5) (4.2 8.6) (4.2 5) (4.2 3.6) (4.1 1.4) (4.1 2.5) (4.1 7) (4.1 8) (4.1 5.1) (4.1 3.1) (4.1 5) (4.1 3.6) (5.5 3.8) (5.5 8.7) (5.5 1.6) (9.5 1.4) (9.5 4.3) (9.5 2.2) (9.5 8.6) (9.5 5) (8.4 8.7) (8.4 5.5) (8.4 8.6) (7.8 4.3) (7.8 3.8) (7.8 9.7) (7.8 2.2) (7.8 8) (5.1 1.4) (5.1 2.5) (5.1 3.8) (5.1 4.2) (3.1 2.5) (3.1 6.5) (3.1 4.2) (3.1 5.5) (3.1 8.4) (3.1 1.6) (8.6 1.4) (8.6 1.7) (8.6 4.1) (8.6 7.8) (8.6 5.1) (8.6 3.6) (8.6 1.6) (5 8.4) (5 3.1) (5 1.6) (3.6 1.4) (3.6 4.3) (3.6 9.5) (3.6 7.8) (1.6 1.4) (1.6 7) (1.6 8) (1.6 4.2) (1.6 8.4)
23 25 double 9.5 8.9 9.9 3.1 2.5 3.4 4.2 4 8.3 2.3 1.7 3.8 1.4 4.9 9.1 2.6 7.5 5.3 5.5 2.1 3.7 7 2.9 (9.5 2.3) (9.5 9.1) (9.5 5.5) (8.9 3.8) (3.1 2.1) (8.3 4.2) (8.3 5.5) (2.3 2.1) (1.7 2.6) (3.8 2.6) (3.8 3.7) (1.4 3.1) (1.4 2.3) (1.4 4.9) (4.9 2.9) (2.6 2.3) (2.6 7) (7.5 2.5) (5.3 8.9) (5.5 3.8) (5.5 9.1) (5.5 2.9) (3.7 8.3) (7 8.3) (2.9 4.2)
23 66 double 1.3 7.7 6.6 7.6 5.7 9.2 9 3 3.4 7.1 6.9 4.1 2.9 1.8 4.2 6.2 7.4 6.1 1.5 1.7 4.7 2.5 9.7 (1.3 7.6) (1.3 5.7) (1.3 6.9) (7.7 2.9) (7.7 6.2) (6.6 9.7) (7.6 9) (5.7 6.2) (5.7 2.5) (9.2 5.7) (9.2 3.4) (9.2 6.9) (9.2 7.4) (9.2 1.7) (9.2 4.7) (9 5.7) (9 4.2) (9 2.5) (3 6.6) (3 1.5) (3 1.7) (3.4 4.1) (3.4 4.2) (3.4 9.7) (7.1 1.3) (7.1 6.6) (7.1 4.7) (6.9 5.7) (6.9 2.9) (4.1 2.5) (2.9 5.7) (2.9 9.2) (2.9 6.2) (2.9 6.1) (2.9 1.5) (2.9 2.5) (1.8 7.7) (1.8 7.6) (1.8 1.7) (4.2 6.6) (4.2 7.6) (4.2 4.7) (6.2 9) (7.4 5.7) (7.4 6.1) (7.4 1.7) (6.1 9.2) (1.5 5.7) (1.5 6.9) (1.5 1.8) (1.5 6.1) (1.5 9.7) (1.7 6.9) (4.7 7.7) (4.7 9) (4.7 6.9) (4.7 1.8) (2.5 7.7) (2.5 7.1) (2.5 1.5) (2.5 9.7) (9.7 1.3) (9.7 3) (9.7 6.9) (9.7 4.2) (9.7 4.7)
23 120 double 9.3 8.5 5.7 2.6 9 4.2 4.3 4.9 7.9 6.1 8.2 2.3 9.8 8.4 5.4 6.8 8.3 8 3.8 5.1 3.6 2.1 5.3 (9.3 4.2) (9.3 7.9) (9.3 2.3) (9.3 3.8) (9.3 3.6) (8.5 8.3) (5.7 9.3) (5.7 4.2) (5.7 4.3) (5.7 2.3) (5.7 9.8) (5.7 6.8) (5.7 5.1) (2.6 8.5) (2.6 5.7) (2.6 9) (2.6 2.3) (2.6 5.3) (9 4.3) (9 6.8) (9 3.8) (4.2 2.6) (4.2 2.3) (4.2 3.8) (4.2 2.1) (4.3 2.6) (4.3 4.2) (4.3 7.9) (4.3 8.2) (4.3 8.4) (4.3 6.8) (4.3 2.1) (4.9 8.5) (4.9 9) (4.9 9.8) (4.9 6.8) (4.9 3.8) (4.9 5.3) (7.9 6.1) (7.9 8.2) (7.9 8.4) (7.9 6.8) (7.9 8.3) (7.9 8) (7.9 3.8) (7.9 3.6) (6.1 9) (6.1 4.2) (6.1 4.3) (6.1 2.3) (6.1 9.8) (6.1 8) (8.2 9.3) (8.2 8.5) (8.2 6.8) (8.2 8.3) (8.2 3.6) (8.2 5.3) (2.3 9) (2.3 4.9) (2.3 7.9) (2.3 9.8) (2.3 8.3) (2.3 3.8) (9.8 9.3) (9.8 4.2) (9.8 4.3) (9.8 8.2) (9.8 8.4) (9.8 8.3) (9.8 8) (9.8 3.8) (9.8 2.1) (9.8 5.3) (8.4 9.3) (8.4 5.7) (8.4 2.3) (8.4 8.3) (8.4 8) (8.4 3.8) (8.4 3.6) (5.4 8.5) (5.4 4.2) (5.4 6.1) (5.4 3.8) (5.4 5.3) (6.8 8.5) (6.8 4.2) (6.8 6.1) (6.8 2.3) (8.3 9.3) (8.3 4.3) (8.3 3.8) (8.3 2.1) (8 9.3) (8 4.2) (8 4.9) (8 8.2) (8 3.6) (8 2.1) (3.8 8.2) (5.1 2.6) (5.1 8.2) (5.1 8.3) (5.1 3.6) (3.6 5.7) (3.6 9) (3.6 9.8) (3.6 6.8) (3.6 8.3) (2.1 8.5) (2.1 5.7) (2.1 9) (2.1 2.3) (2.1 3.6) (5.3 9.3) (5.3 5.7) (5.3 4.2) (5.3 7.9) (5.3 6.8)
24 130 char R X M N P F Q I W J D L V O E U K T A B H C G S (R X) (R N) (R Q) (R W) (R T) (X N) (X P) (X Q) (X J) (X V) (X K) (X A) (X B) (X C) (M X) (M L) (M E) (M C) (N W) (N L) (N O) (N E) (N B) (P N) (P F) (P I) (P W) (P U) (F N) (F W) (F K) (F T) (F H) (F C) (Q N) (Q J) (Q D) (Q V) (Q K) (Q T) (Q C) (Q S) (I V) (I U) (I A) (I H) (I C) (W M) (W T) (J M) (J N) (J I) (J D) (J O) (J A) (J B) (J H) (D X) (D N) (D F) (D K) (D T) (L I) (L A) (L B) (V M) (V D) (V O) (V A) (V H) (V S) (O X) (O M) (O I) (O D) (O E) (O S) (E Q) (E I) (E V) (E U) (E A) (U X) (U F) (U W) (U J) (U K) (K R) (K M) (K W) (K L) (K O) (K S) (T X) (T N) (T G) (A M) (A N) (A D) (B P) (B F) (B O) (B U) (B K) (B A) (B G) (B S) (H R) (H L) (H U) (H T) (H C) (C W) (C D) (C O) (C K) (C T) (C A) (C S) (G R) (G F) (G J) (G E) (G C) (G S) (S I) (S W) (S L) (S A) (S H)
24 129 double 8 1 8.1 6.1 1.6 6.9 6.6 3.2 4.8 3.3 5.1 2.1 5.6 7.6 1.9 9.3 7.1 3.8 5.7 6.7 1.3 4.9 6.8 3.7 (8 1) (8 4.8) (8 3.3) (8 5.1) (8 2.1) (8 3.8) (8 1.3) (8 4.9) (1 8.1) (1 6.1) (1 6.9) (1 4.8) (1 9.3) (1 3.8) (8.1 3.2) (8.1 3.3) (8.1 2.1) (8.1 1.9) (8.1 1.3) (8.1 3.7) (6.1 6.6) (6.1 3.3) (6.1 6.7) (6.1 1.3) (1.6 6.1) (1.6 4.8) (1.6 3.3) (1.6 7.6) (1.6 7.1) (1.6 6.8) (6.9 4.8) (6.9 9.3) (6.9 6.7) (6.9 6.8) (6.6 1.6) (6.6 3.2) (6.6 3.8) (3.2 6.9) (3.2 2.1) (3.2 4.9) (3.2 3.7) (4.8 2.1) (4.8 9.3) (4.8 7.1) (4.8 4.9) (3.3 6.9) (3.3 4.8) (3.3 2.1) (3.3 7.6) (3.3 1.9) (3.3 9.3) (3.3 3.8) (5.1 8.1) (5.1 6.6) (5.1 1.9) (5.1 9.3) (5.1 3.8) (2.1 6.1) (2.1 1.6) (2.1 6.9) (2.1 1.9) (2.1 7.1) (5.6 8.1) (5.6 6.9) (5.6 2.1) (5.6 7.6) (5.6 9.3) (5.6 3.7) (7.6 8.1) (7.6 6.9) (7.6 6.6) (7.6 4.8) (7.6 6.7) (7.6 1.3) (7.6 6.8) (1.9 1) (1.9 6.1) (1.9 6.9) (1.9 3.2) (1.9 4.8) (1.9 5.6) (1.9 7.6) (9.3 8) (9.3 1.9) (9.3 7.1) (9.3 3.8) (9.3 3.7) (7.1 6.9) (7.1 6.6) (7.1 3.8) (7.1 1.3) (3.8 8.1) (3.8 7.6) (3.8 5.7) (3.8 4.9) (3.8 3.7) (5.7 8) (5.7 3.2) (5.7 3.3) (5.7 1.9) (5.7 9.3) (5.7 7.1) (5.7 1.3) (6.7 8.1) (6.7 1.6) (6.7 6.6) (6.7 3.3) (6.7 1.9) (6.7 9.3) (6.7 5.7) (6.7 6.8) (1.3 3.2) (1.3 1.9) (1.3 6.7) (4.9 6.1) (4.9 6.9) (4.9 5.1) (4.9 2.1) (4.9 1.3) (6.8 8.1) (6.8 1.9) (6.8 7.1) (6.8 5.7) (6.8 1.3) (3.7 8) (3.7 1) (3.7 6.1) (3.7 6.6) (3.7 2.1)
24 132 char Y O H S V N A X F T E P D C U M G R L K Q B I W (Y T) (Y G) (O A) (O T) (O E) (O R) (O K) (O Q) (H N) (H A) (H T) (H E) (H U) (H B) (S V) (S F) (S E) (S G) (S Q) (S B) (V Y) (V O) (V P) (V K) (V B) (N A) (N P) (N D) (N L) (N B) (N W) (A E) (A U) (A L) (X S) (X V) (X A) (X F) (X P) (X L) (X B) (F Y) (F O) (F H) (F T) (F U) (F M) (F R) (F I) (T S) (T V) (T A) (T P) (T L) (T I) (E Y) (E V) (E N) (E P) (E C) (E K) (E Q) (P H) (P S) (P C) (P M) (P L) (D A) (D P) (D K) (C O) (C H) (C V) (C A) (C F) (C G) (C R) (C L) (C B) (C W) (U V) (U C) (U M) (U K) (U Q) (M O) (M H) (M S) (M V) (M A) (M G) (M Q) (M W) (G N) (G T) (G E) (G D) (G U) (G I) (R H) (R V) (R D) (R M) (R G) (R B) (R W) (L Y) (L E) (L U) (L K) (L I) (K F) (K M) (Q Y) (Q V) (Q N) (Q A) (Q P) (Q L) (Q W) (B T) (B P) (B U) (B G) (B L) (B W) (I O) (I E) (I U) (I M) (I W) (W T)
24 181 int 98 55 21 58 57 85 81 43 54 77 75 97 64 24 22 36 20 60 89 42 10 31 49 93 (98 43) (98 54) (98 77) (98 24) (98 22) (98 20) (98 89) (98 93) (55 85) (55 36) (55 89) (55 93) (21 58) (21 64) (21 60) (21 89) (21 31) (21 49) (21 93) (58 98) (58 55) (58 43) (58 77) (58 24) (58 22) (58 20) (58 60) (57 21) (57 58) (57 81) (57 54) (57 64) (57 36) (57 42) (57 10) (57 93) (85 98) (85 77) (85 75) (85 97) (85 24) (85 42) (85 10) (81 55) (81 21) (81 58) (81 85) (81 43) (81 77) (81 60) (81 89) (81 10) (81 49) (43 55) (43 21) (43 57) (43 54) (43 24) (43 22) (43 36) (43 31) (54 55) (54 21) (54 85) (54 77) (54 75) (54 64) (54 20) (54 31) (54 93) (77 55) (77 21) (77 43) (77 97) (77 36) (77 20) (77 60) (77 89) (77 49) (75 81) (75 43) (75 77) (75 97) (75 20) (75 60) (75 49) (75 93) (97 21) (97 58) (97 43) (97 64) (97 20) (97 89) (97 10) (64 85) (64 81) (64 43) (64 77) (64 20) (64 89) (64 42) (64 93) (24 21) (24 57) (24 54) (24 97) (24 22) (24 36) (24 42) (24 10) (24 93) (22 21) (22 57) (22 54) (22 77) (22 97) (22 60) (22 89) (22 10) (22 31) (36 98) (36 58) (36 85) (36 54) (36 97) (36 22) (36 60) (36 89) (36 10) (20 55) (20 57) (20 60) (20 10) (60 98) (60 55) (60 57) (60 43) (60 97) (60 24) (60 89) (60 49) (89 24) (89 42) (89 31) (89 49) (42 98) (42 55) (42 43) (42 97) (42 31) (42 49) (10 98) (10 58) (10 54) (10 75) (10 64) (10 60) (10 89) (10 42) (31 57) (31 85) (31 77) (31 97) (31 64) (31 24) (31 36) (31 20) (31 60) (31 93) (49 55) (49 57) (49 43) (49 54) (49 31) (93 58) (93 81) (93 22) (93 36) (93 60) (93 89) (93 42)
24 103 char D J G U C O V T S F X I B K P L M Q Y A N W E R (D V) (D A) (J B) (J K) (J M) (J N) (G C) (G P) (U S) (U I) (U P) (C P) (C Q) (O D) (O G) (O S) (O I) (O B) (O Y) (V J) (V B) (V L) (V Y) (V N) (T D) (T F) (T A) (S D) (S G) (S F) (S B) (S Q) (S Y) (S N) (F K) (F P) (F A) (F W) (F R) (X Y) (X E) (I V) (I K) (I L) (B G) (B Q) (B W) (B R) (K D) (K O) (P K) (P L) (P W) (P E) (L D) (L G) (L F) (L M) (L W) (M G) (M T) (M B) (M Q) (M N) (Q G) (Q V) (Q T) (Q X) (Q P) (Q W) (Y J) (Y G) (Y U) (Y T) (Y B) (Y A) (A G) (A C) (A S) (A I) (A B) (N D) (N U) (N B) (N Q) (W J) (W G) (W V) (W I) (W M) (W Y) (W A) (E G) (E Q) (E W) (R U) (R V) (R T) (R X) (R I) (R P) (R L) (R Y)
24 148 char Y X T E R Q M V J O G S N H B C F K W P A I D L (Y S) (Y N) (Y H) (Y B) (Y F) (Y K) (Y A) (X V) (X J) (X N) (X H) (X B) (X L) (T Y) (T E) (T J) (T S) (T N) (T P) (E X) (E R) (E J) (E G) (E L) (R V) (R N) (R K) (R P) (R A) (Q E) (Q R) (Q V) (Q J) (Q S) (Q B) (Q K) (M T) (M R) (M G) (M N) (M P) (M I) (V M) (V G) (V H) (V B) (V W) (V A) (J V) (J N) (J F) (J W) (J P) (J I) (J D) (O Y) (O T) (O R) (O M) (O G) (O N) (O K) (O W) (O P) (O D) (G Q) (G S) (G B) (S V) (S J) (S O) (S N) (S H) (S C) (S F) (N H) (N F) (N K) (N A) (N I) (H E) (H O) (H W) (H A) (H I) (H L) (B M) (B J) (B O) (B S) (B F) (B W) (C Y) (C T) (C J) (C G) (C H) (C K) (C W) (C P) (C D) (F O) (F G) (F W) (F D) (K X) (K E) (K M) (K S) (K B) (K W) (K I) (K D) (K L) (W Y) (W X) (W E) (W R) (W G) (W N) (W I) (W L) (P Y) (P X) (P V) (P H) (P B) (P F) (P K) (P I) (P L) (A J) (A O) (A B) (A D) (I Y) (I R) (I O) (I S) (I F) (I D) (D Q) (D S) (D H) (D B) (L V) (L J) (L O)
24 61 int 16 35 52 24 74 58 51 89 73 17 27 19 86 46 50 30 20 47 91 28 64 87 95 82 (16 24) (16 27) (16 50) (16 64) (35 52) (35 89) (52 16) (52 27) (52 86) (52 46) (52 47) (52 87) (24 19) (74 58) (74 19) (58 46) (58 28) (58 82) (51 74) (51 73) (89 28) (89 64) (73 74) (17 74) (17 73) (17 86) (17 30) (17 20) (27 89) (27 50) (27 20) (19 86) (86 30) (86 47) (86 87) (46 89) (46 73) (46 30) (50 28) (30 16) (30 52) (30 24) (30 50) (20 46) (47 46) (47 50) (91 16) (91 51) (91 73) (91 30) (28 47) (64 52) (64 30) (87 16) (87 24) (87 51) (87 20) (87 28) (95 47) (95 91) (82 51)