12 11 15 13 7 19 19 16 14 12 2 16 15
14 19 10 9 11 17 9 20 13 17 10 12 20 20 15
15 17 16 1 15 18 12 10 14 9 1 3 15 4 16 11
15 2 15 1 1 1 18 18 6 9 1 6 7 16 9 2
15 16 2 5 14 8 15 17 1 13 19 2 13 1 8 15
16 2 18 12 12 19 2 9 13 15 1 19 13 15 17 5 6
16 4 19 11 6 15 3 14 13 14 17 6 5 15 3 19 9
17 17 10 4 1 3 3 1 10 20 19 8 3 10 15 2 12 4
19 4 13 7 12 3 9 13 6 7 9 19 19 11 8 20 12 17 8 5
21 16 15 7 17 7 9 4 12 2 9 3 8 17 16 10 3 11 20 11 7 6
21 5 3 18 14 18 17 15 2 10 6 4 17 6 7 10 11 17 11 7 16 20
21 17 1 1 3 2 7 5 13 20 5 18 8 2 17 10 19 4 17 16 17 6
21 2 8 16 10 11 2 10 4 13 5 20 2 4 7 9 15 17 6 6 20 14
24 1 15 5 1 4 20 3 6 4 5 2 2 9 19 5 6 17 2 20 10 17 7 17 17
24 2 10 19 7 18 19 3 10 12 13 17 19 20 12 15 3 1 5 12 5 3 10 20 10
25 4 12 6 9 17 4 16 7 18 1 3 12 14 12 2 20 10 3 10 7 20 13 4 14 7
25 6 19 1 16 6 2 10 9 19 7 11 4 18 17 17 16 14 6 19 19 8 6 18 16 14
26 17 6 20 19 3 3 8 7 13 19 12 19 7 7 7 20 17 10 7 9 7 20 10 10 13 16
27 4 4 13 15 4 12 10 1 14 14 11 14 1 17 4 13 5 15 12 13 9 13 13 17 15 6 9
28 11 16 6 5 10 5 6 2 13 2 5 1 11 1 5 20 17 19 3 4 15 2 3 2 1 13 15 4
28 11 6 8 3 18 18 8 1 16 9 18 20 13 2 14 12 13 15 19 7 2 5 2 8 12 18 14 5
28 3 18 13 11 8 15 11 11 9 11 19 1 13 10 7 1 3 5 10 8 12 7 15 5 6 20 17 17
30 15 10 6 2 3 19 18 15 8 18 3 13 10 11 17 6 15 13 6 5 14 1 18 6 9 4 19 1 3 11
30 7 12 2 8 19 14 20 19 20 18 18 3 8 15 10 2 11 6 10 10 16 11 12 14 3 7 17 20 1 18
31 8 2 8 7 14 2 4 18 18 13 19 9 9 4 12 6 16 16 12 16 6 4 12 3 6 16 18 9 9 19 15
32 6 8 11 4 10 8 14 19 7 9 6 20 16 20 18 1 8 13 4 20 18 3 15 1 6 17 16 3 4 16 12 10
32 1 13 14 10 1 3 17 5 4 18 19 2 5 3 9 7 3 15 2 6 12 18 15 12 10 6 16 1 9 8 15 19
33 11 19 9 20 11 13 9 7 11 4 7 4 19 1 6 4 19 4 19 15 19 16 18 16 2 4 3 15 14 13 7 3 20
34 13 20 19 13 13 8 14 6 15 9 1 12 6 20 18 9 16 8 14 10 12 1 8 18 7 4 9 12 5 7 16 15 7 6
34 9 19 13 18 17 3 14 11 6 5 10 4 17 4 6 6 18 11 7 12 1 15 8 3 18 4 4 20 9 16 17 2 18 11
35 11 9 13 6 20 19 1 3 13 17 12 17 11 17 13 3 20 8 6 3 10 19 1 18 12 4 12 11 8 15 11 16 17 17 1
38 16 12 7 9 2 1 9 8 3 5 17 7 15 19 12 1 2 15 18 1 8 17 7 7 13 10 19 5 13 1 7 14 16 1 20 3 4 12
43 11 16 12 1 1 18 1 12 15 19 3 18 2 9 18 14 11 16 9 1 17 15 11 8 1 2 12 6 16 5 4 20 6 13 6 16 19 12 17 11 5 18 9
44 14 8 20 3 4 20 17 19 9 15 10 9 2 12 19 6 1 11 19 1 9 14 4 13 5 7 15 19 8 10 17 13 15 3 6 6 19 8 16 6 16 18 7 10
46 9 4 9 17 2 11 8 9 2 12 13 1 6 13 8 11 19 7 15 5 3 13 8 16 2 14 16 9 6 16 12 3 8 11 7 17 20 4 7 6 19 10 1 10 1 4
47 17 15 4 7 4 5 15 6 1 6 16 1 5 12 14 18 4 15 2 10 2 18 7 16 19 12 6 10 2 2 9 17 19 1 6 12 1 1 2 4 6 9 13 6 20 10 7
47 2 20 16 13 3 13 1 18 8 6 3 8 2 18 5 16 15 5 18 13 1 8 5 9 17 12 16 16 13 7 20 19 19 3 13 7 8 2 6 16 9 5 6 2 3 20 11
48 17 18 6 18 19 8 7 8 15 4 12 6 6 10 13 8 1 3 6 7 7 7 7 11 16 16 16 11 9 10 2 4 20 5 18 7 16 3 19 20 13 9 9 3 19 18 5 16
49 14 10 6 13 4 7 18 5 12 8 13 8 20 10 3 7 15 5 5 10 16 20 6 18 8 3 19 11 16 10 20 20 1 20 15 12 16 2 11 12 17 5 2 20 2 15 8 6 16
50 20 4 9 4 15 11 19 12 8 14 9 2 16 16 15 17 11 7 15 17 6 20 18 19 5 18 3 14 3 20 8 16 2 16 15 15 18 13 16 8 20 12 1 13 12 3 8 3 11 6
50 3 12 17 5 10 15 19 3 10 1 4 13 11 2 12 15 5 3 10 2 19 19 14 6 15 11 3 5 14 8 8 18 16 2 15 20 14 18 18 4 13 6 16 12 5 18 3 7 1 1
52 20 6 5 20 15 12 12 5 11 13 3 20 20 7 11 6 20 3 6 13 1 16 6 11 16 11 19 19 8 6 15 4 17 12 20 10 5 7 3 13 19 6 4 10 18 11 4 3 7 10 3 4
53 18 6 6 3 3 4 5 19 17 15 4 15 12 2 12 5 7 14 14 9 20 17 2 8 7 16 2 10 5 14 8 13 19 2 14 17 2 9 18 11 7 9 13 15 11 11 19 5 5 13 1 3 7
54 7 19 13 11 18 8 19 2 16 18 13 12 10 5 12 13 10 17 10 16 8 13 13 2 16 11 11 6 8 5 9 20 2 7 14 5 4 19 10 10 2 8 3 20 4 11 11 13 13 16 11 13 11 3
56 10 9 10 9 18 20 19 1 13 19 13 12 10 14 19 15 19 20 4 5 9 5 11 5 17 8 14 4 14 13 19 6 16 3 3 3 6 6 6 20 15 17 7 17 12 9 13 16 17 19 6 4 11 15 12 16
57 19 8 19 18 13 19 18 3 5 11 8 19 9 8 3 10 2 19 6 9 5 10 2 14 20 14 1 1 6 12 15 20 10 9 7 11 6 16 9 15 14 1 1 7 9 4 20 5 19 12 4 14 12 12 20 11 20
57 17 12 17 4 17 7 8 6 13 12 12 11 4 3 14 11 20 20 14 9 7 9 5 10 4 19 6 18 3 15 7 2 14 20 14 5 8 17 1 2 8 18 7 15 14 3 2 17 3 14 11 15 5 12 1 12 13
58 20 9 14 11 6 15 19 4 13 7 1 7 9 3 13 15 8 10 19 17 12 2 3 3 16 19 13 13 4 9 1 8 15 8 13 17 14 17 7 6 6 12 13 13 12 14 13 3 10 6 17 10 19 12 16 20 19 19
59 8 3 16 12 10 8 7 12 8 19 13 6 11 14 8 10 17 1 9 9 3 2 13 10 9 7 18 14 20 15 17 15 7 7 8 4 18 4 2 17 19 20 9 20 11 13 3 12 1 15 10 20 9 14 20 15 7 5 8
60 10 3 7 11 4 1 9 16 1 9 10 8 8 16 8 14 15 16 20 7 20 3 10 7 10 7 16 18 10 8 13 11 9 7 17 18 19 20 17 19 10 13 7 14 9 1 6 6 5 18 14 7 11 14 6 3 18 4 4 19
61 10 14 13 8 18 10 11 7 7 7 17 4 15 20 5 18 4 2 16 7 13 7 13 9 7 15 10 3 7 8 7 1 6 16 1 8 14 17 3 2 6 1 19 5 9 8 6 3 5 15 6 5 10 14 5 14 7 16 6 15 17
62 2 13 20 6 14 4 13 20 9 10 20 3 16 13 15 11 9 15 5 12 10 19 5 5 4 1 8 10 11 3 14 7 13 8 14 17 19 14 7 15 20 2 10 20 8 1 4 12 3 7 4 8 2 6 7 3 5 19 8 13 7 17
63 18 5 7 8 14 4 7 6 12 7 3 5 20 4 7 6 9 16 3 7 10 12 17 17 1 2 8 14 2 16 18 8 16 16 13 16 14 8 14 17 15 19 10 2 19 12 12 16 7 6 11 1 20 2 13 12 18 5 4 12 13 19 7
63 19 19 14 9 12 9 16 10 11 5 18 16 20 13 5 8 12 10 4 11 6 19 11 10 6 11 13 12 10 20 3 1 4 10 11 4 18 18 19 9 16 14 17 5 5 3 12 20 20 19 9 4 11 19 6 1 17 4 6 7 11 2 3
63 2 2 15 16 11 7 7 10 20 2 7 17 5 9 2 11 13 1 6 7 14 7 5 4 18 20 8 13 1 18 19 1 5 16 19 1 3 4 2 13 9 6 16 17 1 8 10 6 16 7 11 15 9 16 20 9 3 18 5 4 3 8 2
65 11 13 3 5 19 14 7 18 12 15 16 13 8 15 10 7 18 14 15 16 1 5 16 6 2 15 4 14 2 13 18 1 16 9 1 17 18 20 6 2 7 9 14 19 18 20 18 3 18 19 2 13 10 3 18 8 16 16 5 2 11 13 2 10 18
65 9 7 12 19 4 5 17 1 10 10 5 14 15 4 4 13 4 12 8 4 8 8 16 16 12 8 7 4 14 2 7 11 15 11 14 18 5 3 20 4 2 9 16 14 4 18 15 4 12 3 16 11 6 11 9 14 1 1 1 3 4 15 7 8 4
66 15 6 6 2 2 19 4 16 16 14 9 5 16 18 20 4 3 10 5 16 19 8 14 19 14 5 19 5 6 5 20 14 4 16 19 10 2 11 16 10 19 10 3 15 5 17 13 11 5 12 12 7 20 14 8 15 12 4 19 7 9 19 20 14 19 20
67 4 2 15 4 3 15 17 7 8 2 3 18 20 9 8 20 13 12 12 9 6 16 18 16 1 18 20 14 2 1 18 2 20 15 2 18 2 4 13 6 18 18 14 20 5 18 13 4 13 9 20 14 7 1 5 15 14 7 13 3 9 20 10 12 10 7 11
67 6 1 14 3 9 5 10 18 16 14 16 7 6 1 11 18 8 9 19 9 13 9 6 6 11 10 13 8 7 17 5 3 13 15 14 7 10 4 14 11 16 15 10 3 16 15 15 3 11 15 18 6 15 7 10 19 7 14 2 11 2 13 3 8 12 3 14
68 14 8 6 14 13 11 16 12 13 11 4 10 15 16 4 2 3 8 18 20 9 13 19 3 5 15 4 7 19 5 13 17 12 14 3 10 18 1 11 7 13 2 16 3 13 8 18 6 16 17 5 1 15 18 4 19 2 6 1 19 1 6 16 14 13 13 8 19
68 18 18 1 15 9 6 20 2 3 17 10 13 3 7 12 8 15 11 2 9 19 3 18 5 15 12 8 5 1 19 7 20 18 8 7 20 17 16 9 4 7 18 6 16 6 3 20 18 6 7 1 11 2 12 3 2 20 17 6 6 13 4 15 15 16 12 2 17
71 13 13 8 8 6 3 2 18 2 16 16 9 9 8 13 3 10 6 9 4 4 15 5 11 2 16 8 3 4 17 4 12 4 7 5 11 16 15 18 20 13 14 18 8 7 16 12 1 20 19 20 3 6 5 1 1 10 2 20 20 20 15 9 12 2 8 7 12 11 9 13
72 14 8 14 4 3 8 11 17 2 5 12 7 10 8 14 14 13 19 11 16 16 16 17 3 20 9 18 4 14 7 2 1 12 5 2 3 3 6 2 3 15 9 20 18 9 18 3 9 20 7 15 2 9 18 3 19 6 20 3 15 10 3 20 10 15 13 9 19 8 4 1 2
74 9 5 18 5 10 9 13 10 7 20 8 11 1 20 10 11 4 16 16 8 12 19 10 16 14 2 18 18 10 9 17 6 17 19 20 14 17 20 17 19 2 2 13 19 15 17 6 17 3 16 9 17 1 13 6 13 16 16 12 18 19 11 16 11 7 2 1 17 17 2 16 8 3 2
75 8 7 13 16 18 2 18 1 12 13 13 8 14 2 5 4 4 20 1 8 6 5 17 9 20 19 3 13 19 19 13 7 4 17 2 4 15 14 15 12 11 20 7 18 1 10 14 7 3 16 1 20 2 13 18 20 5 8 18 3 13 18 3 14 10 16 7 13 20 11 9 15 20 18 2
76 14 18 16 4 15 15 12 3 9 14 2 1 2 15 6 8 19 3 16 14 6 1 19 8 2 12 3 19 5 7 18 4 16 14 14 20 1 1 18 10 8 19 13 1 15 13 14 10 8 9 11 2 16 20 20 15 17 11 17 4 8 4 1 10 9 2 13 8 11 14 2 4 12 14 10 1
77 6 13 9 11 9 19 14 8 2 15 3 17 17 14 4 16 12 2 2 6 5 12 19 4 5 6 11 8 9 6 7 9 3 8 10 19 5 2 17 18 18 20 6 1 2 17 19 9 19 3 16 9 12 2 4 10 5 3 2 18 11 8 13 4 9 15 1 12 2 6 11 17 7 5 16 8 19
78 9 11 8 15 15 4 13 17 8 4 14 1 10 2 16 14 6 2 20 10 9 10 20 1 5 13 5 9 7 9 7 2 2 16 3 7 2 2 16 9 1 13 16 11 2 10 16 3 19 18 20 15 6 5 9 1 9 18 16 11 20 18 10 17 20 6 17 16 16 8 11 6 20 8 1 12 8 4
78 8 10 5 8 5 12 13 8 20 18 11 11 8 17 7 19 11 8 6 7 7 18 11 19 2 10 16 11 9 15 2 15 1 14 12 20 18 9 16 8 20 12 14 4 16 19 6 4 4 19 14 9 16 6 18 10 15 8 18 17 16 4 6 17 8 18 8 12 1 13 19 16 5 13 7 14 5 15
79 18 20 15 15 14 19 1 20 12 14 14 2 9 3 4 11 9 15 1 15 12 10 4 4 7 19 19 14 3 3 8 20 5 12 14 7 11 18 9 9 11 3 20 12 5 13 9 7 19 1 13 18 17 15 20 12 17 16 19 18 1 11 6 19 2 20 18 14 10 14 5 12 19 6 7 5 12 18 11
80 11 19 1 7 20 7 18 14 9 7 14 1 11 1 13 15 1 18 8 5 9 16 1 6 20 12 9 9 15 11 20 12 18 12 8 19 9 16 14 12 3 18 8 16 6 2 3 15 10 19 6 14 20 8 1 11 19 9 17 1 14 19 20 13 6 4 12 17 11 18 16 11 1 12 20 4 11 3 8 13
80 10 12 11 15 10 1 6 16 15 11 20 12 14 20 5 3 16 10 20 8 17 3 4 17 8 18 13 5 1 4 8 12 7 6 1 5 14 20 8 19 17 11 11 7 12 16 17 9 12 15 13 2 6 18 13 10 18 2 1 4 19 5 13 11 16 17 1 15 13 9 9 18 8 11 16 16 12 12 7 7
81 11 2 9 19 19 17 6 19 10 6 16 7 15 8 8 1 19 1 9 4 12 12 20 2 5 2 18 18 16 4 12 9 9 6 6 3 16 7 9 19 11 12 13 3 20 7 7 8 18 5 19 1 11 15 13 19 17 14 3 10 3 14 5 6 16 5 11 15 14 17 2 19 12 15 16 8 7 16 1 12 11
82 6 14 11 5 4 3 14 6 13 17 7 3 4 8 7 5 8 19 12 4 5 1 2 1 20 18 8 12 7 14 5 20 18 9 15 11 9 3 19 9 14 19 8 11 1 16 13 20 9 5 18 15 1 5 13 17 5 12 9 13 14 12 10 15 2 11 14 12 12 19 9 12 7 15 10 7 5 16 11 10 2 18
83 20 11 16 19 6 18 5 16 9 7 17 12 15 12 2 11 12 7 3 19 13 13 12 4 15 8 2 18 11 14 4 11 13 3 5 5 10 6 1 16 2 2 15 12 6 15 5 11 5 8 7 14 2 17 11 19 2 1 7 19 19 17 12 5 16 11 8 17 19 2 17 2 14 12 16 4 14 19 3 6 19 13 12
84 10 7 15 19 6 12 19 10 5 2 19 20 3 12 6 6 4 2 11 11 16 19 6 10 1 18 19 18 16 6 7 10 16 20 6 4 4 16 9 9 7 17 2 11 20 16 6 1 16 19 14 13 1 9 17 5 6 5 16 19 14 7 5 15 10 6 14 7 11 20 13 5 18 18 1 1 19 17 19 9 8 17 14 8
86 20 20 14 14 4 3 12 7 2 10 7 6 13 18 10 18 19 4 14 8 19 2 7 1 11 10 13 5 4 20 18 17 7 14 16 12 4 7 20 18 11 20 14 11 5 13 7 11 16 2 14 2 5 13 4 1 2 8 11 2 9 9 7 13 11 6 7 12 6 11 17 2 19 6 6 6 10 16 10 7 13 2 14 8 20 20
86 10 12 1 5 18 11 8 9 1 17 2 20 3 18 15 12 12 4 9 13 9 16 10 19 10 1 16 5 18 9 20 19 10 9 4 10 12 7 20 17 16 3 19 12 2 20 20 10 5 19 7 4 3 18 18 5 8 2 11 10 4 17 19 13 6 15 3 10 8 19 10 18 15 14 6 11 2 17 6 2 16 19 17 16 16 7
86 16 4 20 7 4 11 9 9 5 10 18 11 4 13 6 9 8 19 8 5 20 4 17 12 16 10 3 17 1 10 15 1 19 3 10 16 7 13 17 14 9 20 7 15 7 17 12 4 20 12 17 11 19 3 1 18 14 16 14 7 12 9 11 2 9 19 13 15 2 7 16 7 12 11 14 3 7 20 16 7 14 7 5 4 8 9
87 6 20 5 20 5 17 7 2 11 12 10 20 14 16 7 18 6 7 5 1 16 10 7 15 6 13 12 15 6 8 4 4 19 10 12 6 14 10 20 9 5 19 1 1 2 14 8 4 12 4 17 5 2 16 5 16 11 17 8 1 15 10 17 20 8 18 20 2 20 5 11 17 6 7 10 12 15 7 20 8 6 13 9 13 11 10 3
88 8 13 17 15 14 13 15 14 2 2 20 19 14 1 7 18 16 9 12 11 19 17 11 2 15 12 19 6 2 2 19 9 12 2 20 13 14 13 11 17 12 1 4 14 14 9 7 2 12 17 19 6 4 10 11 3 19 1 17 9 17 14 12 15 6 13 20 8 5 13 15 17 14 2 9 2 17 18 9 7 7 4 4 12 17 4 19 9
90 11 3 20 15 16 11 4 10 12 16 15 4 5 3 5 2 20 2 18 19 14 5 7 7 3 14 20 11 18 13 6 13 18 10 17 19 20 16 4 3 10 19 4 8 17 19 9 14 6 7 8 3 18 4 3 14 5 6 16 4 19 4 16 18 13 7 12 11 14 17 16 10 10 3 7 15 20 19 9 3 10 3 14 3 2 7 13 5 18 6
91 10 11 7 2 6 6 11 6 2 11 5 12 13 17 2 20 3 19 8 15 2 9 8 4 10 15 9 11 1 20 1 8 2 13 7 3 18 18 2 5 5 14 12 4 18 1 15 18 19 10 17 20 3 12 17 1 13 4 1 8 3 15 14 5 3 2 4 11 15 16 17 8 2 13 11 8 1 19 5 13 16 16 12 14 7 8 4 2 20 4 8
91 17 9 18 1 10 17 17 17 20 15 14 2 3 20 10 12 14 13 8 11 9 16 19 7 13 20 11 9 8 12 6 6 15 12 4 8 11 1 10 6 19 2 20 20 11 5 6 18 9 17 13 10 13 5 3 15 19 2 20 17 5 17 15 10 18 1 16 2 8 11 3 1 2 20 2 20 18 10 13 19 12 4 15 17 11 7 9 2 4 20 15
92 14 5 19 10 5 9 4 16 1 14 4 5 17 6 2 7 1 8 9 8 10 14 12 2 20 11 8 15 18 11 10 9 11 20 19 4 17 1 19 1 7 15 12 12 12 11 15 11 19 17 15 9 6 4 10 4 20 12 1 5 8 10 2 16 14 20 17 6 5 9 19 11 8 8 6 12 20 19 14 15 4 17 12 8 7 11 7 14 17 13 15 16
95 1 19 15 1 11 19 10 20 16 3 10 1 3 15 20 8 18 12 7 18 10 9 2 16 10 17 5 7 4 2 12 7 20 17 10 4 9 16 3 1 16 14 16 1 1 9 3 3 2 4 15 16 8 6 17 2 20 13 16 18 20 9 4 10 16 4 9 2 9 2 18 11 16 10 11 6 20 14 9 17 17 4 20 9 8 10 6 4 11 19 5 16 3 9 20
95 18 13 17 20 7 12 17 8 7 7 14 10 8 3 4 4 8 20 9 1 2 2 13 6 5 4 3 10 11 7 8 17 18 6 6 9 12 15 20 6 13 15 10 18 4 17 5 13 6 3 11 16 6 3 20 1 4 18 8 12 10 14 6 14 3 9 2 9 13 3 1 19 8 20 1 9 9 20 17 16 5 18 16 7 2 16 6 16 10 9 5 1 3 17 20
96 2 9 19 6 7 14 2 16 14 13 4 7 2 2 17 5 4 12 14 1 14 2 14 15 19 17 16 15 9 5 6 1 10 5 14 11 19 8 6 7 14 6 16 2 18 20 13 18 6 8 18 4 9 9 11 16 9 17 19 12 15 7 15 13 19 20 11 1 4 7 18 19 13 5 7 8 19 4 18 10 17 6 9 17 3 16 3 6 18 7 6 11 16 1 14 8
96 15 11 18 6 2 15 15 4 5 15 11 6 7 13 16 3 12 12 9 11 5 9 16 20 13 9 18 15 14 16 6 13 20 6 15 3 18 7 3 16 1 3 4 2 12 6 18 10 13 11 18 5 20 17 12 14 18 19 12 3 3 6 1 5 20 17 15 12 18 19 14 9 14 5 18 14 11 2 15 9 19 11 15 17 20 16 2 15 9 19 12 9 7 7 4 10
97 7 8 18 8 14 19 15 11 7 7 6 17 16 9 18 2 6 4 12 7 20 10 11 4 12 5 3 20 10 14 18 2 1 4 4 13 13 16 20 11 20 11 9 18 17 16 6 2 4 11 6 12 10 2 13 12 18 13 7 4 12 4 19 13 19 17 5 1 6 4 14 6 4 13 8 15 6 15 7 12 5 10 12 13 5 9 3 7 7 8 6 15 4 1 15 18 1
98 3 19 10 6 2 17 6 9 20 9 2 10 17 17 3 20 4 2 13 15 10 4 12 13 7 19 18 20 8 4 15 20 18 10 2 2 14 12 7 4 14 10 11 9 11 10 13 2 12 9 7 8 12 5 13 20 4 13 8 10 4 11 6 13 6 1 16 14 13 3 9 9 9 8 10 1 12 3 3 1 9 15 5 20 3 15 16 8 12 20 17 8 13 6 6 13 7 6
100 9 13 6 10 18 11 3 18 4 16 6 8 16 11 20 20 7 10 9 5 4 6 17 6 2 18 14 14 15 2 9 3 9 15 11 14 10 8 9 6 6 14 3 14 17 14 9 16 16 7 3 7 3 20 4 20 12 3 4 10 20 7 9 7 19 2 10 9 10 11 20 14 12 13 5 2 7 3 2 5 11 16 2 17 9 18 5 5 17 3 2 17 4 17 2 15 10 8 7 6
102 10 16 11 13 8 6 15 8 12 6 9 3 14 4 18 4 4 19 8 14 17 7 7 20 2 20 13 11 14 18 5 6 15 13 18 19 13 14 10 3 6 9 15 17 2 19 16 1 5 4 8 1 17 19 1 12 19 10 3 9 4 10 3 20 15 3 9 15 14 15 5 18 6 19 9 13 6 5 6 12 2 19 6 20 11 6 12 13 15 11 19 19 6 6 15 20 4 15 2 1 19 18
103 7 18 17 7 20 4 2 20 17 19 12 3 1 8 7 17 7 14 11 12 5 17 3 7 13 13 20 4 18 12 18 11 19 18 14 18 6 13 9 2 12 15 17 11 8 3 13 6 19 17 19 16 18 5 12 13 19 10 13 13 7 9 11 16 7 9 14 7 16 7 19 14 14 2 5 19 2 17 8 5 3 2 3 9 6 20 13 9 20 7 17 18 4 7 9 18 19 1 20 13 13 11 15
104 13 7 17 9 2 12 12 18 18 5 12 5 9 16 12 4 4 14 10 2 13 17 15 5 2 16 10 12 12 13 11 3 19 12 5 1 19 17 6 5 13 1 9 10 4 12 17 11 19 4 20 1 13 3 18 17 15 10 20 8 9 12 1 10 2 4 14 11 10 5 18 16 19 2 4 17 10 12 18 3 3 1 5 3 4 2 8 11 8 13 15 5 7 5 11 11 20 5 15 9 11 13 19 9
104 15 9 16 7 19 12 3 1 10 11 20 5 7 17 1 5 18 20 2 1 3 15 4 8 14 6 11 9 1 5 14 20 7 20 19 3 10 6 5 12 15 16 14 2 4 1 4 14 19 6 14 16 1 7 13 12 9 7 10 13 10 7 1 14 5 20 1 18 12 20 15 13 17 13 7 8 14 19 4 19 7 15 12 2 9 13 14 19 4 12 9 15 14 20 14 4 1 18 13 16 15 2 7 13
104 12 2 10 12 4 12 3 19 7 5 1 11 1 10 7 18 3 6 9 3 11 11 18 13 6 2 13 20 18 7 17 11 20 11 9 5 15 20 18 4 9 20 12 11 15 13 7 7 7 14 1 5 13 10 1 3 1 19 6 3 6 7 9 15 10 11 15 5 8 6 18 5 6 12 10 10 18 19 14 16 13 9 2 11 15 6 16 16 16 7 14 3 16 14 4 4 16 14 7 3 5 13 9 20
105 12 2 15 4 17 9 14 12 5 19 12 1 7 1 13 4 17 8 19 9 8 17 12 4 6 5 11 4 10 18 10 17 15 17 10 2 9 2 7 11 2 7 19 2 3 12 18 10 15 11 14 15 10 13 7 18 8 6 12 19 2 14 7 15 3 1 18 10 8 6 1 18 13 15 17 7 9 13 17 18 2 19 4 8 3 9 15 12 4 2 6 11 10 2 14 4 4 10 1 14 2 1 13 11 13
107 16 9 2 15 19 14 1 1 10 9 16 10 13 19 2 4 15 8 14 9 7 11 15 4 1 20 8 15 16 14 17 5 12 9 20 8 14 13 8 19 10 13 12 5 3 7 20 18 9 9 16 2 13 14 8 4 12 9 6 4 6 6 3 5 20 12 15 9 5 14 14 3 14 5 7 13 14 11 9 11 1 4 11 1 2 5 5 20 7 18 15 15 11 15 11 10 15 13 6 13 20 10 20 12 5 12 15