int 10 preorder 78 84 86 81 25 45 54 38 73 18
int 10 inorder 3 82 67 46 12 69 93 54 65 91
int 11 inorder 49 89 36 30 25 91 98 24 33 2 49
int 11 postorder 18 18 49 37 71 80 73 5 66 78 46
int 12 postorder 60 43 64 5 97 26 22 7 89 41 15 8
int 13 preorder 47 29 86 36 26 63 14 93 7 74 85 43 53
int 15 preorder 4 57 23 83 84 11 32 48 90 68 99 63 91 14 19
int 16 preorder 64 83 67 85 19 43 33 4 1 35 19 56 43 87 1 54
int 16 inorder 56 23 13 48 92 36 40 30 11 73 99 38 24 28 29 36
int 18 preorder 53 17 61 37 12 89 60 65 84 96 33 67 30 4 53 94 25 70
int 18 preorder 63 38 50 49 72 47 60 98 59 31 83 46 54 39 58 96 59 39
int 18 postorder 99 62 39 68 59 63 33 11 79 12 88 71 6 93 84 52 54 77
int 19 preorder 57 75 71 82 93 46 69 21 26 2 11 29 38 81 66 76 62 64 93
int 20 preorder 41 66 32 24 63 71 6 78 31 9 90 95 11 76 6 93 30 79 2 85
int 21 preorder 7 77 14 39 19 60 34 23 1 4 84 7 50 82 45 38 75 55 74 36 21
int 24 preorder 82 82 46 64 49 20 73 52 73 18 55 82 30 24 65 1 98 97 38 59 43 60 90 95
int 26 inorder 68 11 73 73 84 18 33 27 51 98 61 85 68 90 73 4 49 33 98 50 64 22 24 5 95 43
int 27 preorder 19 16 70 35 96 86 98 72 86 33 43 2 92 26 86 20 78 71 78 43 73 58 10 87 50 30 31
int 27 inorder 27 4 86 84 92 5 94 61 55 70 83 81 55 77 92 93 74 9 78 8 43 55 53 98 89 34 10
int 28 postorder 77 94 14 24 48 85 94 68 59 70 80 48 82 72 34 25 49 14 73 13 39 63 13 79 4 5 36 79
int 28 postorder 61 74 59 15 62 80 22 60 20 57 55 36 43 51 69 30 74 93 42 92 9 63 56 13 12 47 3 85
int 29 inorder 6 63 8 12 9 59 91 28 46 30 65 30 21 64 32 5 66 33 49 12 44 70 27 88 86 95 58 10 23
int 29 postorder 72 22 13 85 89 94 23 58 82 71 22 28 55 53 26 49 82 32 38 68 37 79 51 12 69 53 5 28 98
int 30 postorder 9 27 79 66 55 48 44 86 35 39 12 54 33 72 18 63 51 17 92 40 9 87 18 37 72 94 67 40 23 29
int 33 preorder 20 3 18 44 74 75 9 62 10 61 85 82 54 63 32 14 82 76 23 11 99 39 19 95 28 89 25 10 90 85 16 55 46
int 33 postorder 26 83 12 88 56 51 63 90 65 52 83 99 31 91 79 87 21 89 25 19 59 90 59 16 57 77 17 26 43 61 91 88 82
int 34 preorder 37 59 70 97 22 58 36 16 12 40 63 85 4 82 27 59 62 89 7 53 60 32 13 96 73 70 20 25 17 29 29 36 34 33
int 35 inorder 49 72 46 58 38 25 10 51 26 72 66 73 52 75 13 93 60 8 5 64 44 91 87 63 43 19 53 14 45 24 26 26 47 87 67
int 37 preorder 60 4 22 24 16 57 2 21 17 69 77 12 21 18 81 28 90 95 43 26 8 34 48 32 22 44 71 73 22 85 84 14 82 54 72 21 33
int 39 preorder 55 51 26 39 76 68 56 3 13 72 32 78 84 94 73 32 7 29 51 12 91 14 57 47 16 79 43 65 67 81 23 13 42 94 51 64 26 3 90
double 40 inorder 8.64 2.39 7.44 3.38 6.44 6.47 3.87 9.1 1.02 4.56 2.17 7.61 2.9 1.35 3.64 5.09 4.75 5.45 9.16 5.74 5.58 4.69 3.12 1.06 4.93 1.91 4.94 9.18 6.97 5.17 5.79 5.9 1 4.23 0.68 3.46 1.09 5.58 6.52 2.16
char 42 preorder g e s r s h j h m n q i n g s q m n s f o h i h n o p h n p b p j t k t f m r j l o
double 42 postorder 7.65 2.05 4.91 4.15 0.09 4.46 3.23 0.99 4.63 4.04 3.32 4.35 8.78 8.06 6.19 8.19 9.84 8.49 8.13 3.16 9.71 3.37 8.66 9.85 4.72 0.03 5.16 9.55 0.06 1.83 9.07 1.28 1.86 8.09 2.84 1.48 6.87 6.6 0.17 3.02 0.18 9.76
char 44 preorder g p b i s j k r n f e p t b f c q o a g r o r r f s q m m g t b r p h d i l n i f h i n
char 46 preorder j k d f d i j k h b e b i k c c b c n l q j q p h b m e f f d h s b o c b o p j e p p q s n
bool 47 preorder 0 1 1 1 1 0 0 0 0 0 0 0 1 0 0 0 1 1 0 0 0 0 1 1 1 1 1 1 0 0 0 1 0 0 0 1 0 0 0 0 0 1 0 1 0 0 0
int 48 postorder 30 29 16 1 99 3 60 40 16 6 98 94 94 33 49 51 28 33 66 54 34 66 22 70 10 32 91 43 87 71 55 7 72 55 28 56 91 2 21 26 30 34 25 26 9 21 24 99
bool 48 inorder 1 1 0 0 0 1 0 0 1 0 1 0 1 0 1 1 0 1 0 1 0 1 1 0 0 1 1 1 0 0 0 1 1 1 1 1 1 0 0 0 0 0 1 0 0 0 1 1
int 48 inorder 86 99 7 63 8 57 94 36 78 28 29 72 57 98 94 25 38 31 53 61 12 69 51 80 78 57 63 66 79 54 80 85 60 63 87 89 23 3 85 27 73 3 37 85 38 16 23 36
int 48 preorder 5 89 27 85 84 3 55 56 89 95 63 59 10 91 69 53 11 29 36 83 22 68 6 70 83 69 45 80 17 21 9 15 14 2 10 82 66 9 30 50 55 7 11 99 79 48 44 72
int 49 preorder 68 72 60 9 42 47 87 2 51 94 36 55 89 38 20 2 59 34 80 22 9 99 95 74 41 53 47 68 28 80 93 31 18 25 51 11 8 34 85 31 33 93 31 89 40 80 13 36 47
char 50 inorder l i p m d f j f c e o m p l f e d c d d t p k g b n k i p a e m o d r m s o a l c q a s t r n g r g
bool 52 postorder 0 0 1 0 0 0 1 1 0 1 0 1 1 0 0 0 0 0 1 0 0 0 1 0 1 0 1 1 0 1 0 1 1 0 1 1 1 0 1 1 1 1 0 1 1 1 0 0 1 0 0 0
double 53 preorder 1.42 7.08 5.48 5.63 9.67 7.25 7.05 1.64 6.63 0.29 3.64 6.86 6.05 2.85 5.6 7.2 5.29 3.65 1.42 4.76 8.69 6.56 0.05 9.26 7.23 0.12 7.86 4.4 1.54 8.24 7.98 5.94 5.23 1.1 5.33 0.47 2.81 7.95 8.96 7.95 2.68 2.38 2.9 8.64 3.79 7.52 8.43 4.75 1.55 4.52 8.2 7.91 3.62
char 55 preorder o g c i s i o r s a s n q n d e o q p h o c e d o t t g s o r j s m a k f f c p s a a b g t c e j o h e r q b
double 57 preorder 9.68 3.87 2.33 6.69 7.61 1.21 2.36 8.06 8.63 7.26 1.85 2.43 9.6 0.92 5.57 8.55 7.35 5.17 7.93 7.82 3.59 7.81 7.5 7.12 1.53 2.4 1.89 3.12 3.17 2.16 8.66 6.44 4.32 6.96 5.92 3.21 3.98 1.31 2.17 8.87 4.82 6.36 9.5 5.42 7.22 0.83 3.41 5.06 9.98 5.01 9.11 2.14 2.7 4.86 2.56 3.97 7.94
char 58 inorder k k h h e h l g o l g t e e m e t h t j a g l t b j b l b r k k h t s c k q p h i l d i i t g k s h o m g k a o a j
bool 58 inorder 0 0 0 0 0 0 0 1 0 0 0 1 0 1 1 1 1 0 1 0 0 0 1 1 0 0 0 0 0 1 0 1 0 0 1 1 1 1 0 0 1 1 1 1 0 1 1 1 1 0 0 0 0 0 1 1 0 1
double 58 inorder 7.55 0.48 3.31 8.38 3.45 8.83 7.32 1.18 4.83 6.76 1.48 2.73 0.09 3.75 9.66 6.51 3.63 9.2 0.21 4.71 6.61 7.92 3.48 9.2 5.71 7.13 1.09 4.67 3.13 5.66 0.32 7.13 1.47 2.61 5.3 0.77 2.41 0.94 3.1 7.84 3.81 7.99 4.02 1.87 6.61 8.42 1.5 2.09 1.79 4.18 5.25 8.79 9.62 0.29 9.19 6.11 7.89 4.12
char 60 inorder f c l q p k p j i p q m i s c c m i p l d f h k r a h l d o r p i a t h i q e b a p f r f l t o c h e o q p f f r i e c
double 60 inorder 5.82 0.24 0.53 3.47 4.18 0.85 8.14 6.88 3.31 4.13 6.03 6.94 8.94 7.79 0.36 6.89 7.48 3.39 4.49 9.72 6.01 0.78 7.32 2.23 5.47 5.15 1.32 4.6 9.48 5.29 6.2 0.85 4.63 3.09 3.24 1.29 8.76 9.14 7.57 8.38 7.82 4.12 2.9 0.68 3.83 1.12 3.23 2.54 3.78 7.29 9.89 4.31 5.53 6.49 1.42 0.89 3.89 2.94 1.5 4.15
double 61 inorder 3.82 7.1 4.54 3.35 8.2 9.95 5.18 1.88 4.18 9.57 0.21 1.09 3.06 6.86 4.97 5.74 3.63 8.14 4.51 4.81 7.63 9.62 9.67 3.96 5.26 7.46 0.92 1.04 9.59 5.66 1.44 3.78 5.34 8.9 0.51 1.48 8.42 6.44 8.27 1.43 2.45 5.22 2.18 3.16 9.6 8.56 7.19 9.57 9.72 7.65 4.68 8.79 0.05 9.25 0.83 8.07 8.85 0.33 1.93 6.49 7.09
bool 62 preorder 0 0 1 1 1 1 1 1 1 0 1 0 1 1 0 0 1 1 0 1 1 1 1 1 0 0 1 0 0 0 1 0 1 0 0 1 1 0 1 1 1 1 0 1 1 0 1 1 0 0 1 0 1 1 0 1 0 1 0 0 1 0
bool 62 postorder 0 0 0 0 0 1 0 0 0 1 1 1 1 1 1 0 1 0 0 1 1 1 1 1 0 0 0 0 0 1 1 0 0 0 0 1 0 1 1 0 1 0 0 0 0 1 0 1 1 0 1 0 0 1 0 0 0 0 0 1 1 1
bool 66 inorder 0 1 0 1 1 0 1 0 1 1 0 0 1 1 1 1 0 1 1 0 1 1 0 0 1 1 0 0 1 1 1 0 1 1 1 1 1 1 1 0 0 1 0 1 1 0 0 1 1 0 1 1 0 1 0 0 0 0 1 0 1 0 0 1 1 0
int 66 preorder 32 91 59 30 15 26 75 50 55 41 1 91 59 44 8 61 32 1 2 6 50 84 51 60 36 73 27 68 28 18 49 4 51 37 58 31 16 70 58 51 63 7 56 19 38 64 54 78 36 82 34 84 15 9 37 75 1 87 8 20 34 37 74 31 58 42
double 67 postorder 7.32 2.2 9.55 1.91 2.46 7.49 0.06 9 8.51 8.44 4 4.95 4.42 5.62 4.52 0.78 5.61 4.49 3.62 9.14 8.76 6.03 1.42 3.17 8.33 2.17 2.2 7.31 3.86 7.59 3.17 1.1 6.55 9.08 0.48 7.15 5.16 1.8 7.96 7.16 6.19 5.47 4.46 8.71 7.25 6.5 5.66 0.36 7.41 1.96 5.84 2.27 7.54 4.83 8.07 9.53 8.47 7.26 4.15 0.62 1.24 0.8 2.12 8.66 8.95 8.35 4.51
bool 68 preorder 1 0 1 0 0 0 1 0 1 0 0 1 0 0 1 0 1 1 0 0 1 0 0 0 1 1 1 1 1 0 1 0 1 0 1 1 1 1 1 0 0 1 0 0 1 1 0 0 1 0 0 0 1 1 1 0 0 0 0 0 1 1 0 1 1 1 0 0
double 69 preorder 5.87 4.54 9.3 4.64 9.65 4.5 4.64 7.37 0.84 9.58 2.96 0.71 8.9 2.7 9.58 1.53 9.73 6.96 7.83 2.01 0.93 2.86 9.86 7.78 8.76 1.6 3.14 6.02 1.28 4.85 5.87 9.17 0.36 3.75 9.15 6.84 3.13 7.53 5.68 2.88 1.97 4.05 4.88 3.99 9.79 3.48 3.09 7.48 6.91 0.9 0.77 2.09 3.71 8.2 9.17 7.84 6.73 9.18 2.25 3.62 5.56 9.37 0.87 1.59 7.64 9.7 1.36 1.46 1.88
double 70 inorder 6.45 1.01 0.62 5.05 9.81 2.21 7.72 1.62 9.22 7.33 5.39 8.15 7.91 7.71 6.66 9.03 0.52 0.6 1.98 4.2 9.55 5.36 5.1 5.42 9.21 6.02 8.25 3.06 3.94 5.18 5.45 0.11 0.89 4.41 0.87 2.63 6.4 6.96 2.35 7.23 9.96 1.96 0.67 8.03 4.97 5.62 7.92 0.41 1.38 6.67 0.74 7.55 9.71 0.4 3.07 6.73 2.28 8.13 8.33 9.84 1.52 2.48 1.71 2.06 4.34 3.07 0.01 3.51 6.67 8.99
int 71 inorder 72 99 29 59 10 28 97 70 33 96 45 74 18 33 46 84 14 71 8 97 2 14 92 29 46 83 23 39 73 18 83 67 75 99 90 23 72 51 84 97 18 57 81 82 98 10 44 4 72 92 16 22 83 54 79 75 26 38 1 82 47 49 59 29 3 10 77 91 95 26 65
int 72 preorder 71 69 50 23 89 71 54 79 18 71 9 1 20 67 19 80 79 86 81 49 47 24 85 11 40 50 30 22 50 21 33 55 55 50 46 88 40 99 42 11 29 52 70 90 21 86 75 47 81 27 61 14 72 86 35 72 26 99 83 83 21 37 37 75 17 62 94 11 28 9 72 52
char 72 inorder t s a f p d j f s h c b l j t r e i n e t j c n h n j i o t e j o t t l c n b i a f n q o e h o e e s i b h n c k t r o s p l g i m l a f m r d
bool 75 inorder 0 1 1 1 0 0 1 1 1 1 0 0 1 1 1 1 1 1 0 0 0 0 1 1 1 0 0 1 1 0 1 0 1 0 1 1 1 0 1 1 1 1 1 0 0 1 0 1 0 0 0 1 1 1 1 1 1 1 0 0 0 0 1 1 0 1 0 0 1 1 1 0 0 1 1
bool 76 preorder 0 0 0 1 0 1 1 1 1 1 1 1 1 1 1 1 1 1 1 0 1 1 1 1 0 0 1 0 0 0 1 0 0 0 1 0 0 0 0 1 1 0 1 1 0 1 0 1 0 0 0 0 0 1 0 0 0 0 1 0 1 0 1 1 1 0 0 1 1 0 0 0 0 0 0 1
bool 76 inorder 1 1 1 0 1 0 1 1 1 1 1 0 0 0 1 0 1 0 1 0 1 1 0 1 0 1 0 0 1 1 0 1 1 0 0 1 0 1 1 1 0 0 0 1 0 0 1 1 0 1 1 0 1 0 0 1 0 0 1 1 0 1 1 0 1 1 0 1 0 1 1 0 1 1 1 1
bool 78 preorder 0 1 0 1 0 1 1 0 0 1 1 1 1 1 1 1 0 1 0 0 1 1 1 0 1 0 1 0 0 1 0 0 0 0 1 1 0 0 0 1 1 0 0 0 0 0 0 1 0 0 1 1 0 1 1 1 1 0 0 0 1 0 1 0 0 1 0 0 1 1 0 0 1 1 1 0 0 0
bool 78 preorder 1 0 1 1 0 1 0 0 1 0 1 1 0 0 0 0 0 1 0 1 1 1 0 0 1 1 0 0 0 1 0 0 1 0 0 0 1 1 0 1 0 1 0 0 1 0 0 0 1 1 0 0 0 0 1 0 1 0 0 0 0 1 0 0 0 1 0 0 1 1 0 1 0 1 0 0 1 0
double 79 inorder 0.13 5.32 3.07 7.9 1.35 4.88 3.05 5.34 3.46 4.51 8.72 2.21 9.28 3.93 1.16 8.08 3.8 7.16 2.42 3.61 0.12 4.37 6.58 9.88 6.64 7.23 6.59 3.94 8.02 2.68 0.2 5.73 6.52 9.86 7.67 9.71 7.52 0.36 1.89 9.85 5.01 6.51 9.8 8.93 6.2 3.15 5.59 6.58 3.83 8.67 2.29 5 8.63 4.16 0.52 3.29 4.52 9.25 7.66 7.8 1.83 7.76 7.78 0.58 9.41 9.73 0.76 5.51 4.37 4.43 3.16 0.45 6.11 7.71 8.02 3.93 7.34 2.49 1.74
double 80 preorder 5.49 0.81 1.84 2.55 8.56 7.03 2.27 1.17 3.14 6.51 9.15 0.17 4.18 0.8 4.51 6.94 6.92 4.2 9.37 1 3.03 7.43 5.88 0.03 5.21 4.52 0.36 7.56 5.52 8.26 4.38 4.3 3.04 7.24 8.97 9.78 7.54 7.06 4.18 5.33 3.54 6.93 0.95 2.52 5.73 5.92 2.81 8.38 3.61 4.3 2.21 3.91 6.56 8.18 8.15 7.38 1.82 1.3 3.5 1.47 1.67 6.07 9.98 0.51 8.56 6.5 1.99 6.61 2.12 0.51 3.73 8.61 1 9.46 8.95 0.27 2.08 8.27 1.15 8.22
bool 81 postorder 1 0 0 0 0 1 0 0 0 0 0 1 1 0 1 0 0 0 0 0 0 1 1 0 1 0 0 1 1 1 0 1 0 1 1 1 1 1 1 1 1 1 1 0 1 1 1 0 1 1 1 1 0 1 1 1 1 1 1 0 0 0 1 1 0 0 0 0 1 1 0 1 1 1 0 1 1 1 1 0 1
double 81 postorder 0.95 9.42 0.37 8.09 1.32 4.19 8.79 2.28 3.36 0.64 9.67 9.56 2.55 0.19 2.32 5.6 0.55 8.73 9.81 5.77 8.67 9.88 5.61 5.25 4 0.75 8.35 4.21 6.16 0.7 7.24 1.19 5.18 2.83 0.12 2.03 9.87 7.76 9.92 7.57 8.57 3.98 6.23 4.3 0.7 6.25 7.63 8.45 9.74 4.26 8.13 7.65 3.85 2.33 4.43 2.99 7.42 3.12 2.19 2.65 5.62 0.33 9.09 1.32 6.1 5.91 6.52 3.79 0.79 3.03 2.42 4.2 1.87 3.76 6.56 1.81 0.3 4.24 7.81 3.09 6.73
int 81 inorder 39 74 27 50 62 30 9 95 95 94 9 49 40 72 35 10 49 67 41 37 10 38 64 54 88 16 31 66 7 78 90 17 18 73 73 60 59 99 12 83 58 35 17 18 42 47 31 40 29 50 38 36 39 32 91 28 53 59 56 90 26 66 68 40 33 16 57 46 68 34 25 82 97 69 49 28 19 37 63 85 11
char 82 preorder m n d s s i q p b l m b m c c d e n g b s r f t t h l i o q k t i r t h j j q s m e i b t f k g k s q c t s e j q k l r o t s r q m a l q d q m t h i n l o i h p o
int 83 postorder 30 84 46 11 54 76 21 34 93 67 79 27 86 66 50 54 12 22 16 37 32 10 23 16 7 11 16 7 8 89 84 45 84 71 10 61 15 35 85 50 57 86 66 53 85 98 93 7 21 58 34 21 51 17 68 80 5 37 65 26 99 86 63 86 88 46 15 65 69 39 45 9 64 3 30 9 60 57 34 38 30 40 47
double 83 preorder 3.92 0.68 9.06 4.73 9.59 3.36 6.53 3.77 9.04 2.43 1.25 9.08 3.96 1.9 2.02 7.06 6.36 3.23 2.99 5.1 4.3 6.19 0.27 6.71 2.15 0.99 1.76 2.8 6.9 5.11 7.77 2.92 9.86 8.06 4.4 5.17 4.67 9.79 6.37 4.32 6.41 9.17 9.88 7.81 6.68 4.98 7.89 0.09 0.47 2.37 3.75 4.28 7.06 2.98 2.95 8.6 3.48 5.37 6.87 3.54 2.13 8.78 3.29 7.45 6.87 5.72 8.37 3.55 5.68 9.68 7.37 4.37 7.72 8.48 0.5 0.57 1.59 6.81 4.67 9.19 0.89 8.01 6.01
double 84 preorder 2.48 7.57 1.01 1.6 8.09 3.73 1.73 6.63 6.76 6.63 7.35 8.25 5.08 8.51 8.33 6.22 2.76 4.54 4.51 5.2 3.78 0.65 3.16 2.57 0.65 0.97 8.84 0.27 4.45 9.8 1.61 2.52 7.16 1.26 2.5 8.08 6.82 1.39 7.03 3.89 1.57 4.33 7.85 8.84 1.42 7.68 6.48 1.18 0.52 9.88 4.33 3.09 5.77 0.93 7.55 3.78 3.57 6.14 1.34 1.88 9.57 8.16 4.92 4.07 3.01 5.7 1.79 2.95 8.56 7.71 6.46 8.54 2.09 9.04 3.77 4.92 8.74 0.98 9.61 0.02 0.94 5.44 1.33 9.13
int 87 postorder 86 26 97 6 12 52 59 28 97 14 75 3 64 99 16 20 99 49 5 63 75 21 44 50 25 23 98 39 63 77 52 95 1 13 34 1 46 23 4 17 27 64 91 94 73 7 18 2 98 72 74 47 54 48 48 18 95 81 8 52 99 16 30 47 29 59 48 97 6 50 79 14 55 66 47 88 23 10 84 81 79 20 25 7 24 64 23
int 87 inorder 8 8 22 78 30 84 51 60 54 41 75 69 24 59 66 66 61 87 5 16 70 48 74 16 83 39 65 73 44 80 17 11 9 76 65 33 65 66 66 3 22 23 29 93 81 67 17 63 25 96 84 75 84 53 98 76 42 32 38 94 63 86 44 20 73 97 74 74 59 71 77 28 40 25 52 66 26 46 60 55 37 35 56 87 48 54 57
char 91 preorder d g c q n c d n o q j q f g g h o i k f f f b m a g j g d b e b o p f d i f o h d j t c f e b s b t q j b n a s t d i h c m t n e m q q q o f q b k n h o q f e r s g f c e e c d l c
int 92 postorder 86 51 74 83 73 50 51 93 81 9 70 3 23 52 20 64 31 14 97 86 42 97 53 49 51 84 45 63 78 87 65 37 56 47 82 24 6 26 1 86 87 20 50 28 75 62 86 80 65 53 67 76 23 84 84 83 35 95 74 68 41 18 34 58 10 13 55 70 38 83 16 15 86 5 5 66 14 89 22 50 52 80 54 68 85 81 63 13 31 1 93 40
bool 93 postorder 0 1 1 0 0 0 0 1 1 1 0 1 1 1 0 0 1 1 0 0 0 1 0 1 1 1 1 0 0 0 0 0 0 1 1 0 1 1 0 1 0 0 0 1 0 1 0 1 1 0 1 0 0 0 1 1 0 1 1 1 0 0 1 0 1 1 1 1 0 0 0 1 0 0 1 1 0 1 1 0 0 1 1 0 1 1 1 0 0 1 1 0 1
bool 94 inorder 0 0 0 0 0 0 1 0 1 0 0 0 0 0 0 0 0 0 0 0 1 1 0 1 1 1 1 0 0 1 1 0 0 0 0 0 1 0 0 0 0 0 1 0 0 1 1 1 0 1 0 1 0 1 1 1 1 1 0 0 0 1 0 1 1 1 1 0 1 0 0 1 1 0 0 1 1 1 0 0 0 0 0 1 1 0 1 0 1 0 1 1 0 1
bool 95 postorder 1 0 0 1 0 0 1 0 0 0 1 0 1 0 0 1 0 1 0 0 1 1 0 1 1 0 0 1 1 1 1 1 1 1 0 0 1 1 1 1 1 0 1 1 0 0 0 0 1 0 1 0 1 0 1 0 1 0 1 0 0 1 0 0 0 0 1 0 0 0 1 0 0 0 1 0 0 1 1 1 0 1 1 0 0 0 0 1 1 1 0 0 1 0 1
bool 95 inorder 1 0 0 0 0 1 0 1 0 0 1 0 0 1 0 1 0 0 1 1 0 1 0 1 0 1 1 1 1 1 1 1 0 1 0 1 1 1 1 1 1 1 0 1 1 1 0 1 0 1 1 1 0 0 0 0 1 0 0 1 0 1 0 0 0 1 1 0 1 1 1 1 0 0 0 0 0 0 0 1 1 1 0 1 1 0 1 0 1 0 0 0 1 1 0
double 95 postorder 7.23 0.72 3.5 1.93 5.25 6.02 4.95 7.3 3.27 3.29 6.63 3.02 0.82 1.57 8.93 0.01 2.73 5.1 7.76 5.84 5.65 6.3 3.08 8.83 3.69 1.8 0.82 5.82 1.45 2.88 0.2 3.83 9.34 3.84 4.73 3.1 6.8 4.76 8.1 2.65 4.14 7.11 8.63 8.1 5.31 1 2.33 2.26 6.81 2.54 3.54 2.16 0.73 9.61 1.75 3.23 9.51 2.23 1.02 9.89 4.19 9.62 2.64 2.36 8.71 8.19 3.21 5.03 3.77 6.44 7.88 1.63 6.62 3.47 0.37 3.83 2.44 0.89 3.49 4.73 9.85 2.86 2.48 2.12 1.42 2.59 6.16 7.58 5.03 9.42 0.43 3.09 1.35 9.33 5.75
double 96 inorder 0.91 8.01 2.39 4.24 5.73 1.36 3.19 0.83 6.98 8.58 4.99 1.64 6.13 5.61 7.63 1.26 3.63 7.89 2.6 2.74 5.45 3.74 2.97 3.03 9.11 8.13 6.81 3.23 6.54 4.53 5.16 6.8 4.89 6.19 6.23 1.79 4.3 8.57 8.92 0.34 7.11 1.07 6.38 5.78 7.89 2.33 8.43 3.7 2.52 7.6 2.57 8.59 3.8 2.28 3.26 2.39 0.32 8.64 6.44 3.87 9.49 8.18 6.87 9.3 4.8 5.24 8.18 7.74 2.62 5.15 1.77 1.58 2.14 3.76 8.02 2.9 0.32 8.98 5.18 2.7 9.64 1.27 4.16 4.32 0.74 5.36 3.03 4.05 4.03 2.55 9 6.04 6.17 7.07 6.85 6.29
char 98 inorder c p j a p b t m j p e h c h n a g i s k n t j s g n q l g c s e k s r l h d m n a a p d b c g g m f a k c p m d d b b j j l c h p b j s b t p a o j r p f l q m n l h r h m g k g m k a k f k l s h
bool 98 inorder 1 1 1 0 1 1 1 1 0 1 0 1 0 0 1 0 0 1 0 1 0 1 1 0 0 1 0 1 1 0 1 0 1 1 0 1 1 0 0 0 0 0 1 1 1 0 0 1 1 1 0 1 0 0 0 1 1 0 0 0 1 1 1 0 0 1 1 0 1 1 0 0 1 0 1 0 1 1 1 0 0 0 0 0 0 1 1 0 0 0 1 0 0 0 1 1 0 1
char 102 inorder c d a g o a p a l l n n c f t d p o i p q p p k e a h m e t p o g i d p k g h k p a i m o k k b g h f t d s b b r b l q f s c t f m o q m h e l n n l i e c p g p q d d d g s a k b k n k c h e a t j e s m
bool 103 inorder 0 1 1 0 1 1 1 0 0 0 1 0 1 0 0 1 0 0 0 0 1 1 1 1 0 1 0 1 1 1 0 0 1 1 0 0 1 1 0 0 1 1 1 0 1 1 1 0 1 0 0 0 1 0 0 1 1 1 1 0 0 1 0 0 1 0 1 1 1 0 1 0 0 0 0 0 1 0 0 0 0 1 1 1 0 1 0 1 1 1 0 0 1 1 0 0 0 1 1 1 0 0 1
double 104 inorder 2.32 9.5 0.69 4.18 6.15 4.48 4.48 7.58 2.72 9.33 8.7 8.5 6.14 3.23 5.94 0.97 8.97 9.81 6.09 0.88 6.23 4.51 0.36 8.22 1.83 5 9.71 4.72 9.4 3.71 2.98 8.16 5.91 3.22 7.75 8.15 8.24 4.94 2.41 6.13 1.83 5.31 7.23 5.22 1.45 4.28 4.02 8.73 1.94 8.98 2.34 7.32 6.26 0.94 6.21 8.56 3.32 5.4 5.09 3.63 1.6 2.14 5.57 2.72 4.75 9.33 8.24 2.18 9.83 9.95 1.47 5.61 8.51 3.35 4.19 4.52 6.47 6.25 2.81 3.78 1.91 4.61 3.83 0.42 4.52 1.57 8.26 3.43 3.11 8.63 0.63 0.87 5.95 6.59 8.73 2.14 0.55 3.3 4.3 8.4 4.94 8.99 3.68 1.25
int 104 inorder 62 27 60 29 83 28 62 71 69 25 10 98 55 83 7 87 51 85 32 90 94 7 25 41 61 56 58 68 29 22 51 7 90 66 82 77 75 31 34 4 29 42 89 32 59 5 56 58 24 93 81 27 4 14 33 56 85 49 19 32 88 33 48 63 27 50 13 12 10 4 24 16 44 97 59 42 81 60 95 43 52 63 16 34 41 54 28 78 11 90 5 7 78 76 77 70 50 77 1 46 86 71 5 53
bool 105 postorder 0 0 1 0 1 1 0 0 0 1 0 0 0 0 0 1 1 0 1 1 0 0 1 1 1 0 0 0 0 1 0 0 0 1 0 0 1 1 0 0 0 1 1 0 1 1 1 0 1 0 1 1 1 1 1 1 1 0 1 0 0 1 0 0 1 0 1 0 0 1 0 1 1 1 1 1 1 1 0 1 0 0 1 1 1 1 0 1 1 0 1 0 1 0 1 0 0 0 0 0 0 0 0 0 0
bool 105 preorder 0 1 1 0 0 1 1 0 1 0 0 0 0 0 1 1 0 0 0 1 0 0 1 1 0 1 1 0 1 1 0 0 0 0 0 0 0 1 0 0 0 1 0 1 0 1 1 0 1 1 0 1 1 1 0 0 1 1 0 0 1 0 0 1 0 1 0 0 0 0 0 1 0 1 1 0 1 1 0 1 1 0 1 0 1 0 0 0 0 0 0 1 0 0 1 0 1 1 1 1 0 1 0 1 1
int 106 inorder 32 32 41 61 76 24 30 59 29 49 37 45 14 84 93 13 53 33 94 48 34 86 25 58 12 41 48 52 26 98 96 82 86 60 70 62 20 97 26 93 1 78 79 91 95 74 97 68 61 84 35 50 33 47 38 15 73 4 69 52 57 7 7 53 21 71 50 8 27 11 61 64 37 24 62 89 40 94 59 72 56 70 5 49 95 86 20 84 1 93 96 49 75 16 62 30 18 49 15 28 23 55 49 47 88 55
int 106 preorder 96 34 25 81 12 26 84 90 83 44 18 2 82 9 27 32 33 45 38 96 48 83 53 5 49 14 95 4 5 72 81 71 95 93 23 6 67 26 14 69 4 67 35 11 86 56 90 55 69 38 39 85 81 61 90 87 63 25 5 73 33 8 83 84 75 26 43 9 8 56 4 47 59 27 88 32 85 66 99 18 34 50 43 87 53 6 48 60 6 16 72 83 52 40 22 84 2 84 70 6 9 3 32 61 15 84
int 106 inorder 58 22 51 6 80 64 93 98 20 75 15 26 27 77 12 42 37 56 37 6 4 7 51 6 99 36 33 43 56 68 90 18 15 74 50 75 44 10 91 91 22 52 11 96 20 93 23 70 23 13 52 67 9 8 78 33 8 37 95 15 35 65 6 48 62 4 77 69 60 96 65 85 41 1 86 44 25 14 89 40 88 58 6 88 94 92 69 43 96 94 86 2 56 40 86 62 34 20 24 36 63 61 77 35 11 24
double 108 postorder 0.29 3.2 5.32 0.82 6.13 3.14 3.3 5.12 6.86 6.05 7.43 5.91 3.95 0.03 9.79 2.28 4.75 7.32 6.36 1.87 1.36 5.16 9.28 9.99 5.05 9.07 4.17 4.86 6.23 5.61 4.05 0.39 2.62 2.03 0.94 4.7 4.29 1.85 1.1 2.45 9.67 2.55 3.46 3.88 5.57 4.89 0.17 8.44 6.68 4.42 1.45 3.04 2.36 8.44 0.25 5.26 2.19 8.67 7.68 0.21 1.32 7.93 6.01 0.69 7.96 1.34 6.69 6.4 9.41 5.89 1.1 0.15 5.03 8.9 4.91 3.62 8.41 5.43 8.26 6.07 9.15 9.09 7.32 7.88 2.42 6.32 3.56 9.65 6.38 3.14 7.31 4.26 7.33 0.87 1.18 4.52 3.7 4.62 9.57 1.84 2.06 5.42 8.66 5.17 6.96 2.34 6.44 1.66
bool 109 inorder 1 0 0 0 1 1 0 1 1 0 1 0 1 0 1 0 1 1 1 1 0 0 1 0 0 1 0 1 1 0 0 0 0 0 1 0 0 1 0 0 1 1 0 1 0 1 0 0 0 1 1 1 1 0 1 0 0 0 1 1 1 1 0 1 0 1 0 1 0 0 0 1 0 0 1 1 0 0 1 1 0 1 1 0 1 0 1 1 1 1 0 0 0 0 1 0 0 1 1 0 0 1 1 1 1 0 1 1 1