5 7 int 25 38 49 72 94 (25 72) (38 72) (49 25) (72 94) (94 25) (94 38) (94 49)
5 6 int 36 39 64 70 71 (36 70) (64 39) (64 70) (70 39) (71 36) (71 70)
5 6 int 10 51 72 75 89 (10 72) (10 75) (51 10) (72 89) (75 72) (89 75)
5 6 int 17 29 39 49 60 (17 49) (17 60) (29 39) (39 49) (49 29) (60 29)
5 6 char E K L M V (E K) (E M) (K L) (K M) (V L) (V M)
6 8 double 3.7 5 5.7 6.4 7.1 9.8 (3.7 5) (3.7 9.8) (5.7 5) (5.7 9.8) (6.4 5) (6.4 5.7) (6.4 9.8) (9.8 5)
6 10 double 1.3 1.4 4.3 6.3 8.8 9.6 (1.3 1.4) (1.3 6.3) (1.3 8.8) (1.3 9.6) (4.3 1.3) (4.3 1.4) (6.3 1.4) (6.3 4.3) (6.3 8.8) (9.6 6.3)
6 11 double 2.7 3.4 4.9 8 8.2 8.4 (2.7 8) (2.7 8.2) (3.4 2.7) (3.4 8.4) (4.9 2.7) (4.9 8.2) (4.9 8.4) (8 3.4) (8 4.9) (8 8.2) (8 8.4)
6 8 char C I L P S T (C S) (I L) (I T) (L S) (P C) (P I) (P S) (T S)
6 9 double 2.2 5.4 7.1 7.4 9.7 9.9 (2.2 9.9) (5.4 7.4) (5.4 9.9) (7.1 5.4) (7.1 7.4) (7.4 9.7) (9.7 2.2) (9.7 7.1) (9.9 7.1)
7 9 int 10 21 41 57 69 72 92 (10 69) (21 69) (21 72) (57 10) (69 41) (69 92) (72 10) (72 57) (92 72)
7 9 int 19 29 36 50 51 68 79 (29 51) (36 19) (36 68) (50 19) (50 68) (51 68) (51 79) (79 19) (79 36)
7 9 double 2.4 2.5 4.8 6.1 6.4 6.6 9.8 (2.4 4.8) (2.4 9.8) (2.5 6.6) (6.1 4.8) (6.4 2.4) (6.4 4.8) (6.6 6.4) (9.8 4.8) (9.8 6.6)
7 12 char F J M N O R U (F N) (F R) (J F) (J R) (M J) (M O) (N M) (N U) (O F) (O U) (R N) (U J)
7 8 double 1.7 3.2 4.4 6.7 7.6 9.3 9.4 (1.7 9.3) (3.2 6.7) (4.4 9.3) (6.7 9.4) (7.6 4.4) (7.6 9.3) (9.4 1.7) (9.4 7.6)
8 13 int 16 20 43 67 75 76 84 89 (20 75) (43 84) (67 75) (67 76) (67 84) (75 43) (76 20) (76 43) (89 16) (89 20) (89 43) (89 67) (89 76)
8 11 char A E F K N S U Y (A F) (E Y) (K E) (K F) (K S) (K Y) (S Y) (U A) (U K) (U S) (Y F)
8 9 int 13 28 29 37 38 41 44 66 (13 29) (13 44) (13 66) (28 29) (28 37) (29 44) (37 41) (41 13) (41 38)
8 14 double 4.4 4.7 5.7 5.9 7 7.6 8.1 8.4 (4.4 5.9) (4.7 4.4) (4.7 5.7) (4.7 5.9) (4.7 8.1) (4.7 8.4) (5.7 4.4) (5.9 7) (7 4.4) (7.6 4.4) (7.6 5.9) (7.6 8.1) (7.6 8.4) (8.1 7)
8 16 double 3.3 4.7 6.1 6.7 7.1 7.7 8.2 9.7 (3.3 9.7) (6.1 4.7) (6.7 3.3) (7.1 6.7) (7.7 6.1) (7.7 6.7) (7.7 7.1) (7.7 8.2) (8.2 3.3) (8.2 4.7) (8.2 6.1) (8.2 6.7) (8.2 7.1) (9.7 6.1) (9.7 7.1) (9.7 8.2)
8 9 double 3.9 4.4 4.6 7.1 7.7 8.8 9.1 9.3 (3.9 8.8) (4.4 8.8) (4.6 3.9) (4.6 4.4) (4.6 8.8) (7.7 7.1) (7.7 9.1) (9.1 8.8) (9.1 9.3)
8 12 int 16 21 26 39 52 57 61 72 (16 39) (16 61) (21 61) (21 72) (26 16) (26 61) (39 52) (52 21) (52 57) (72 16) (72 39) (72 52)
8 11 char A C E F L N P S (C F) (C N) (C P) (F L) (L A) (L C) (N A) (N F) (N S) (P N) (P S)
9 16 char E J M N S U V W X (E N) (E V) (E W) (M E) (M S) (M U) (N J) (U J) (U S) (U X) (V N) (V X) (W J) (W U) (X E) (X N)
9 15 int 15 23 29 35 61 71 82 94 96 (23 94) (23 96) (29 15) (29 35) (35 96) (61 23) (61 82) (71 15) (71 23) (71 29) (71 35) (71 61) (71 94) (82 94) (96 94)
9 17 int 12 18 20 38 60 64 72 84 90 (12 18) (12 20) (12 72) (18 84) (38 12) (38 64) (38 90) (60 12) (60 38) (64 60) (64 84) (72 18) (84 12) (84 20) (84 60) (84 72) (90 72)
10 19 int 14 34 36 37 39 40 48 69 89 97 (14 37) (14 48) (14 69) (34 97) (36 34) (36 37) (36 40) (36 97) (37 34) (37 48) (39 69) (40 39) (40 89) (40 97) (48 36) (48 40) (48 69) (69 36) (97 37)
10 30 int 22 31 37 53 54 55 75 77 80 89 (22 31) (22 37) (31 53) (31 80) (37 31) (37 75) (37 80) (53 22) (53 55) (53 77) (53 80) (54 77) (54 80) (55 22) (55 37) (55 54) (55 89) (75 22) (75 31) (75 54) (75 77) (75 80) (77 22) (77 55) (80 22) (80 55) (80 77) (89 37) (89 54) (89 80)
10 26 char A C D I K M N P U W (A C) (A P) (A W) (C K) (C U) (D M) (D P) (I A) (I C) (I M) (I W) (K D) (K I) (K N) (K U) (K W) (M A) (M U) (N C) (P C) (P K) (U N) (U W) (W D) (W N) (W P)
10 31 double 1.6 3.5 4.5 5.4 5.5 7.1 7.5 7.7 8.4 9.1 (1.6 4.5) (1.6 5.4) (1.6 7.1) (1.6 7.5) (3.5 1.6) (3.5 7.1) (3.5 7.5) (3.5 7.7) (3.5 8.4) (3.5 9.1) (4.5 3.5) (5.4 3.5) (5.4 5.5) (5.4 9.1) (5.5 1.6) (5.5 4.5) (5.5 7.1) (5.5 7.7) (7.1 4.5) (7.5 4.5) (7.5 5.5) (7.5 9.1) (7.7 1.6) (7.7 4.5) (7.7 5.4) (7.7 8.4) (8.4 4.5) (8.4 5.5) (9.1 7.1) (9.1 7.7) (9.1 8.4)
10 24 double 1 2.5 3.8 4.1 4.2 4.3 4.7 5.5 7.5 8.2 (1 4.2) (1 7.5) (1 8.2) (2.5 4.1) (2.5 4.7) (3.8 4.2) (3.8 4.3) (3.8 5.5) (4.1 4.3) (4.2 2.5) (4.2 4.1) (4.2 5.5) (4.2 7.5) (4.2 8.2) (4.3 2.5) (4.7 1) (4.7 4.2) (4.7 7.5) (5.5 8.2) (7.5 4.3) (7.5 5.5) (8.2 3.8) (8.2 4.7) (8.2 7.5)
10 20 int 12 18 29 32 46 51 73 76 82 93 (12 73) (18 73) (18 82) (29 51) (29 82) (32 18) (32 93) (46 29) (46 32) (46 51) (46 76) (51 93) (73 51) (76 29) (76 32) (76 82) (76 93) (82 32) (82 46) (93 18)
10 30 int 11 18 24 27 29 45 51 57 58 75 (11 24) (11 29) (11 51) (24 18) (24 45) (24 51) (24 58) (27 29) (27 51) (27 57) (29 18) (29 24) (29 57) (29 75) (45 29) (45 51) (45 57) (45 58) (45 75) (51 29) (51 58) (57 24) (57 51) (57 58) (58 11) (58 27) (58 29) (75 24) (75 51) (75 57)
11 31 char B F J K L M O S W X Y (B O) (B W) (B Y) (F K) (F X) (F Y) (J K) (J M) (J S) (K M) (L F) (L J) (L O) (L Y) (M B) (M F) (M L) (M Y) (O Y) (S F) (S M) (S O) (S X) (W F) (W K) (W M) (X J) (X L) (X M) (X O) (Y S)
11 24 char C D F I J P U V W X Y (F D) (F V) (F W) (F Y) (I D) (I V) (J D) (J I) (J V) (J W) (J Y) (P D) (P F) (P I) (P J) (P U) (P V) (U V) (W C) (W V) (X W) (Y P) (Y U) (Y X)
11 29 char C D E K M O P R T V X (C E) (C X) (D C) (D K) (D O) (D R) (D T) (E D) (E M) (E O) (K E) (K V) (M O) (M T) (O C) (O X) (P C) (P K) (P V) (P X) (R E) (R M) (R P) (R T) (V D) (V E) (V X) (X M) (X R)
11 29 double 1 1.1 1.4 2 2.9 3.3 3.9 4.2 7.2 7.6 9.4 (1 1.1) (1 3.9) (1.1 2.9) (1.1 3.3) (1.1 4.2) (1.1 7.2) (1.1 9.4) (1.4 4.2) (1.4 7.6) (2 1) (2 3.9) (2 7.2) (2 7.6) (2.9 1) (2.9 7.6) (2.9 9.4) (3.3 7.6) (3.3 9.4) (3.9 7.2) (3.9 9.4) (4.2 1) (4.2 2.9) (4.2 3.9) (4.2 9.4) (7.2 4.2) (7.6 1) (7.6 3.9) (9.4 1.4) (9.4 7.6)
12 31 double 1.6 2.5 2.8 3.1 4.8 4.9 5.1 5.2 5.3 6.8 7.5 9.4 (1.6 2.5) (1.6 2.8) (1.6 3.1) (1.6 4.8) (2.5 4.8) (2.5 7.5) (2.5 9.4) (2.8 7.5) (3.1 5.3) (3.1 9.4) (4.8 3.1) (4.8 5.3) (4.8 9.4) (4.9 2.8) (4.9 4.8) (4.9 9.4) (5.1 1.6) (5.1 4.8) (5.1 4.9) (5.2 3.1) (5.2 6.8) (5.2 7.5) (6.8 4.8) (6.8 5.1) (6.8 9.4) (7.5 4.9) (7.5 5.3) (7.5 9.4) (9.4 1.6) (9.4 5.1) (9.4 5.2)
12 13 double 1.9 3.2 3.3 3.5 3.6 3.9 5.2 5.5 6 7.4 8.4 9.2 (1.9 3.3) (3.2 1.9) (3.5 3.2) (3.5 3.6) (3.5 5.5) (3.6 8.4) (3.9 1.9) (5.2 3.3) (5.2 5.5) (5.2 6) (5.2 9.2) (5.5 3.3) (7.4 3.9)
12 28 double 1.2 2.7 5 6.9 7.3 7.6 8 8.5 8.9 9 9.1 9.7 (1.2 6.9) (1.2 8.9) (2.7 1.2) (2.7 8.9) (2.7 9.1) (5 2.7) (5 7.6) (5 9.7) (6.9 2.7) (7.3 2.7) (7.3 9.1) (7.6 1.2) (7.6 8.9) (8 2.7) (8 5) (8.5 1.2) (8.5 7.6) (8.5 8) (8.9 5) (8.9 6.9) (8.9 7.3) (9 6.9) (9 7.6) (9 8.9) (9.1 6.9) (9.7 7.3) (9.7 7.6) (9.7 8)
13 27 double 1.8 2.2 2.4 2.5 2.6 4.1 4.3 5.4 6.2 7 7.7 7.9 9 (1.8 2.5) (1.8 4.1) (1.8 4.3) (2.2 2.4) (2.2 4.1) (2.4 4.1) (2.5 5.4) (2.5 7.9) (2.6 2.4) (2.6 4.3) (2.6 5.4) (2.6 7) (4.1 2.5) (4.3 6.2) (4.3 7.7) (4.3 7.9) (5.4 7.7) (5.4 9) (6.2 7) (7 2.4) (7.7 2.5) (7.7 7.9) (7.9 5.4) (9 2.2) (9 2.5) (9 4.1) (9 7.7)
13 36 char B E I J K M N P Q R T V X (B E) (B J) (B X) (E K) (E M) (I M) (I P) (I Q) (J N) (K T) (M B) (M K) (N E) (N I) (N T) (P B) (P M) (P N) (Q J) (Q M) (Q N) (Q P) (Q V) (R J) (R V) (T B) (T I) (T J) (V B) (V K) (V P) (X E) (X J) (X M) (X Q) (X T)
13 55 double 1 1.6 3.2 3.4 4.5 5.5 6.5 6.7 7.1 7.2 7.5 7.8 9.2 (1 3.4) (1 4.5) (1 6.5) (1 7.2) (1 7.8) (1.6 3.2) (1.6 6.5) (1.6 6.7) (1.6 7.1) (1.6 7.5) (3.2 1) (3.2 4.5) (3.2 6.5) (3.2 7.5) (3.4 3.2) (3.4 6.7) (3.4 9.2) (4.5 1.6) (4.5 5.5) (4.5 6.5) (5.5 1.6) (5.5 3.2) (5.5 7.1) (5.5 7.2) (5.5 7.5) (6.5 3.4) (6.5 5.5) (6.5 7.2) (6.7 1) (6.7 3.2) (6.7 4.5) (6.7 5.5) (6.7 7.1) (7.1 3.2) (7.2 1.6) (7.2 3.2) (7.2 7.1) (7.2 7.5) (7.2 7.8) (7.5 1) (7.5 6.5) (7.5 7.8) (7.8 3.2) (7.8 4.5) (7.8 5.5) (7.8 6.5) (7.8 6.7) (7.8 7.1) (7.8 9.2) (9.2 1) (9.2 1.6) (9.2 3.2) (9.2 6.5) (9.2 6.7) (9.2 7.1)
13 48 char A D E F G I J M N R S T Y (A F) (A G) (A M) (D N) (D S) (D Y) (E A) (E F) (E G) (E N) (E S) (E Y) (F D) (F G) (F I) (F M) (F T) (F Y) (G M) (G N) (G R) (G S) (G T) (G Y) (I A) (I E) (I R) (I T) (J E) (J M) (J R) (J S) (M R) (M T) (N F) (N I) (N M) (N S) (R D) (R F) (R N) (R S) (R T) (S M) (Y I) (Y J) (Y M) (Y T)
13 23 char A C D F G H L M O P T V Y (A C) (A P) (A T) (A Y) (D L) (F D) (F O) (L C) (L F) (L P) (M O) (O A) (O H) (P D) (P T) (T F) (V A) (V D) (V L) (Y G) (Y L) (Y M) (Y O)
14 61 int 16 22 23 31 37 39 42 46 49 53 68 69 73 75 (16 22) (16 39) (16 46) (16 53) (16 68) (22 37) (22 39) (23 16) (23 37) (23 53) (23 68) (31 23) (31 46) (31 73) (37 31) (37 69) (37 75) (39 31) (39 37) (39 42) (39 46) (39 53) (39 68) (39 69) (42 23) (42 31) (42 46) (46 23) (46 37) (46 53) (46 68) (46 69) (46 73) (46 75) (49 16) (49 23) (49 31) (49 39) (49 68) (49 69) (53 31) (53 37) (53 42) (53 49) (68 22) (68 53) (68 69) (68 73) (69 22) (69 31) (69 42) (69 73) (73 16) (73 23) (73 37) (73 42) (73 53) (75 31) (75 49) (75 53) (75 73)
14 15 int 10 14 27 30 33 41 47 57 67 68 69 77 80 86 (10 33) (27 41) (30 27) (33 69) (41 30) (47 68) (47 80) (57 33) (57 77) (69 80) (77 14) (77 33) (77 41) (86 10) (86 41)
14 62 int 10 14 16 18 38 44 49 56 64 82 89 90 98 99 (10 14) (10 16) (10 38) (10 44) (10 56) (10 64) (14 18) (14 56) (14 98) (16 18) (16 64) (16 82) (16 89) (16 90) (16 99) (18 10) (18 64) (18 98) (38 14) (38 18) (38 90) (38 99) (44 49) (44 56) (44 82) (44 98) (49 10) (49 18) (49 82) (49 90) (49 99) (56 18) (56 64) (56 89) (56 98) (64 44) (64 99) (82 10) (82 14) (82 38) (82 64) (82 99) (89 14) (89 38) (89 44) (89 64) (89 90) (89 98) (90 10) (90 18) (90 44) (90 64) (90 82) (90 98) (98 10) (98 16) (98 38) (98 64) (98 82) (98 99) (99 10) (99 14)
14 47 int 12 16 19 20 39 48 53 65 74 77 81 86 92 95 (12 74) (12 95) (16 19) (16 74) (19 65) (19 74) (19 81) (19 92) (19 95) (20 12) (20 19) (20 48) (20 65) (20 81) (20 86) (39 20) (39 48) (39 65) (39 74) (39 77) (39 92) (39 95) (48 19) (53 39) (65 16) (65 48) (65 53) (74 77) (74 92) (77 12) (77 48) (81 16) (81 65) (81 92) (86 12) (86 39) (86 65) (86 74) (86 77) (92 12) (92 20) (92 48) (92 65) (92 77) (92 86) (95 16) (95 65)
14 35 double 1.2 2.9 3.2 4.1 4.7 5.5 6 6.7 7.1 7.3 9.4 9.6 9.8 9.9 (1.2 6) (1.2 9.8) (2.9 6.7) (2.9 9.4) (3.2 2.9) (4.1 2.9) (4.1 4.7) (4.1 5.5) (4.1 9.6) (4.7 7.3) (4.7 9.9) (5.5 2.9) (5.5 4.7) (6 7.3) (6 9.4) (6 9.8) (6.7 3.2) (6.7 4.7) (7.1 2.9) (7.1 3.2) (7.1 7.3) (7.1 9.8) (7.3 5.5) (9.4 7.3) (9.4 9.6) (9.4 9.8) (9.8 4.1) (9.8 4.7) (9.8 5.5) (9.8 7.3) (9.8 9.6) (9.8 9.9) (9.9 1.2) (9.9 6) (9.9 9.6)
15 49 int 18 24 26 29 30 36 42 43 49 58 59 63 65 67 94 (18 26) (18 30) (18 49) (18 65) (24 49) (24 94) (26 49) (26 58) (26 65) (29 18) (29 24) (29 30) (29 59) (30 36) (30 42) (30 49) (30 67) (36 18) (36 42) (36 49) (36 63) (36 67) (42 29) (42 59) (42 65) (43 29) (49 42) (49 43) (49 58) (49 63) (49 94) (58 18) (58 24) (58 29) (58 30) (58 94) (59 18) (59 63) (65 36) (65 49) (65 67) (67 18) (67 26) (67 42) (67 43) (67 58) (94 29) (94 30) (94 67)
15 39 char A B F G H I K M N P R U V X Y (A G) (B I) (B U) (B X) (F B) (F K) (G I) (G V) (G Y) (H P) (H X) (I N) (I V) (M U) (M V) (N H) (N K) (N V) (P A) (P K) (P R) (P U) (R H) (R K) (U K) (U N) (U R) (U V) (U X) (V F) (V H) (V Y) (X F) (X I) (X K) (X M) (X R) (Y A) (Y U)
15 45 double 1 1.4 1.5 1.9 2.6 3.2 3.6 4.5 7.3 7.5 8 8.4 9 9.2 9.4 (1 1.9) (1 9.2) (1 9.4) (1.4 1) (1.4 2.6) (1.5 1) (1.5 1.4) (1.5 7.3) (1.5 8) (1.5 9) (2.6 1) (2.6 1.5) (2.6 3.6) (2.6 7.3) (2.6 7.5) (2.6 8) (2.6 8.4) (2.6 9) (2.6 9.2) (3.2 1) (3.2 8) (3.6 8) (3.6 9.4) (4.5 1.4) (4.5 3.6) (7.3 3.6) (7.5 1) (7.5 3.6) (7.5 4.5) (8 7.5) (8.4 1.4) (8.4 1.9) (8.4 3.2) (8.4 7.3) (9 1) (9 1.4) (9 7.3) (9 7.5) (9 8) (9.2 3.6) (9.2 4.5) (9.2 7.3) (9.4 7.3) (9.4 8.4) (9.4 9.2)
15 32 int 18 19 30 32 33 40 46 66 71 76 77 78 91 94 97 (19 30) (30 32) (30 77) (32 33) (32 66) (32 91) (32 97) (33 91) (40 66) (40 77) (40 78) (40 94) (46 18) (46 78) (66 71) (66 91) (66 94) (66 97) (71 18) (71 19) (71 76) (76 19) (76 46) (77 32) (77 76) (91 30) (91 71) (91 76) (94 78) (97 18) (97 76) (97 91)
16 79 char A B C F G H I L N Q R S T U V W (A B) (A I) (A S) (A T) (A V) (A W) (B L) (B T) (C A) (C I) (C L) (C N) (C Q) (C U) (C W) (F B) (F H) (F I) (F N) (F S) (F W) (G I) (G L) (G T) (G U) (H A) (H G) (H N) (I H) (I S) (I T) (L A) (L H) (L I) (L Q) (L U) (L V) (N A) (N B) (Q B) (Q F) (Q G) (Q H) (Q N) (Q V) (R A) (R C) (R F) (R H) (R I) (R N) (R Q) (R S) (S C) (S H) (S L) (S N) (S T) (S U) (T F) (T H) (T R) (T U) (T W) (U B) (U F) (U Q) (U R) (U W) (V B) (V C) (V G) (V H) (V R) (V S) (V T) (W B) (W R) (W V)
16 21 double 1.4 2.5 2.9 3.2 4.9 5.3 6.3 6.8 7.1 7.3 7.6 7.8 7.9 8.2 8.8 9.7 (1.4 7.8) (2.5 4.9) (2.5 5.3) (2.5 6.3) (2.5 7.8) (2.9 7.6) (2.9 8.8) (2.9 9.7) (3.2 2.5) (6.3 1.4) (6.3 2.9) (6.3 7.1) (6.3 8.8) (6.8 5.3) (7.1 5.3) (7.1 6.8) (7.3 2.5) (8.2 6.8) (8.8 7.3) (9.7 4.9) (9.7 7.3)
16 32 double 1.1 1.8 1.9 2.6 3.3 3.6 3.8 5.3 6.3 6.6 7.1 7.2 8.5 9.2 9.6 9.8 (1.8 1.9) (1.8 9.2) (1.9 9.6) (2.6 7.1) (2.6 9.8) (3.3 6.6) (3.6 1.9) (3.6 2.6) (3.6 3.8) (3.6 6.6) (3.6 7.2) (3.8 6.6) (5.3 2.6) (6.3 5.3) (6.3 7.2) (6.6 1.1) (6.6 1.8) (6.6 1.9) (6.6 9.2) (6.6 9.8) (7.1 1.1) (7.1 6.6) (7.1 8.5) (7.1 9.2) (7.2 9.2) (8.5 3.8) (8.5 6.6) (9.2 3.3) (9.2 5.3) (9.8 3.8) (9.8 9.2) (9.8 9.6)
16 60 int 13 17 27 28 34 45 55 66 69 70 74 76 86 90 91 98 (13 27) (13 34) (13 55) (13 69) (13 76) (17 34) (17 69) (17 74) (17 76) (17 91) (27 17) (27 45) (27 86) (27 91) (28 66) (28 69) (28 86) (34 27) (34 66) (34 70) (45 28) (45 34) (45 69) (45 74) (45 90) (55 17) (55 27) (55 28) (55 45) (55 86) (66 91) (69 27) (69 74) (70 98) (74 13) (74 27) (74 55) (74 70) (74 91) (76 28) (76 34) (76 69) (76 70) (76 86) (76 91) (86 13) (86 17) (86 34) (86 70) (86 90) (86 91) (90 91) (91 28) (98 13) (98 17) (98 27) (98 69) (98 74) (98 76) (98 86)
16 60 int 16 17 18 28 46 50 57 59 62 63 68 72 84 90 92 95 (16 28) (16 59) (16 63) (16 68) (16 92) (17 18) (17 84) (18 72) (28 18) (28 59) (28 63) (28 72) (28 84) (28 92) (46 50) (46 72) (46 84) (50 63) (50 68) (50 72) (50 90) (50 95) (57 28) (57 46) (57 50) (57 63) (57 84) (57 92) (59 68) (59 92) (59 95) (62 18) (62 63) (62 95) (63 59) (63 90) (63 92) (63 95) (68 46) (68 57) (68 62) (68 95) (72 57) (72 59) (72 90) (72 95) (84 16) (84 63) (90 18) (90 28) (90 46) (90 57) (90 62) (90 68) (90 84) (92 18) (92 46) (92 50) (92 68) (95 84)
16 37 char A B D F H J K L M N R S T U X Y (B L) (B X) (D A) (D B) (D R) (D S) (D X) (F A) (F B) (F R) (H R) (H U) (J A) (J B) (J K) (J T) (J Y) (K L) (K T) (K U) (L J) (M A) (M K) (M L) (N D) (N F) (N L) (R X) (S A) (S F) (S J) (T L) (U B) (X K) (X L) (X T) (Y M)
16 40 double 1 1.6 1.8 1.9 2.5 2.6 2.8 2.9 3.8 5.9 6 6.8 7.1 8.7 9.5 9.8 (1 1.6) (1 3.8) (1.6 2.5) (1.6 2.9) (1.6 5.9) (1.6 6.8) (1.8 1.6) (1.8 2.5) (1.8 3.8) (1.9 2.5) (2.5 7.1) (2.5 9.5) (2.5 9.8) (2.6 2.9) (2.6 9.8) (2.8 2.6) (2.8 2.9) (2.8 3.8) (2.8 7.1) (2.8 8.7) (2.9 1.9) (2.9 6.8) (2.9 9.8) (3.8 9.8) (5.9 1) (5.9 2.5) (5.9 2.6) (5.9 6.8) (5.9 9.8) (6 1.8) (6 2.9) (7.1 6) (7.1 6.8) (8.7 1) (8.7 1.8) (8.7 9.8) (9.5 1) (9.8 1.8) (9.8 1.9) (9.8 6)
17 61 char B C D E F G H I J K N O Q T U W X (B J) (C F) (C K) (C N) (C W) (C X) (D C) (D I) (D K) (D O) (D T) (D W) (E J) (E T) (E W) (F B) (F D) (F I) (G E) (G H) (G K) (G Q) (H I) (H Q) (I B) (I C) (I K) (I T) (J C) (J D) (J O) (K H) (K J) (N H) (N I) (N K) (N O) (N W) (O C) (O F) (Q B) (Q J) (Q U) (Q W) (T C) (T F) (U B) (U F) (U G) (U N) (U O) (U T) (U W) (W O) (W T) (X B) (X F) (X K) (X N) (X O) (X T)
17 51 int 10 12 13 17 27 28 36 38 39 48 49 53 70 78 88 92 97 (12 13) (12 28) (12 53) (12 70) (12 92) (13 97) (17 10) (17 13) (17 28) (17 36) (17 53) (27 17) (27 49) (28 27) (28 36) (28 48) (28 70) (28 88) (28 92) (28 97) (36 13) (36 27) (38 12) (38 17) (38 27) (38 28) (38 39) (38 49) (38 78) (38 97) (39 12) (39 13) (39 36) (39 49) (48 36) (48 78) (49 13) (49 28) (49 53) (49 70) (49 88) (49 92) (53 13) (70 92) (88 36) (88 78) (92 13) (92 53) (97 36) (97 39) (97 92)
17 51 int 14 16 18 32 39 41 46 49 54 58 72 73 77 83 89 90 97 (14 18) (16 14) (16 18) (16 39) (16 58) (16 77) (16 90) (16 97) (18 49) (18 72) (18 73) (32 73) (32 89) (39 18) (39 41) (39 54) (39 83) (41 16) (41 18) (41 72) (41 77) (41 83) (46 14) (46 77) (46 89) (46 97) (49 72) (49 90) (49 97) (54 18) (54 83) (58 18) (58 41) (58 89) (72 39) (73 14) (73 89) (77 32) (77 39) (77 49) (83 14) (83 46) (89 18) (89 49) (89 90) (90 18) (90 77) (97 18) (97 32) (97 39) (97 72)
17 73 double 1 1.3 1.5 1.7 2 2.2 3 4.4 5.3 5.4 5.9 6.1 7 7.6 9.2 9.5 9.6 (1 2.2) (1 5.3) (1 5.9) (1 9.2) (1 9.5) (1.3 1) (1.3 2) (1.5 1.3) (1.5 3) (1.5 4.4) (1.5 5.3) (1.5 6.1) (1.5 9.2) (1.5 9.6) (1.7 1.5) (1.7 6.1) (1.7 7) (2 4.4) (2 9.6) (2.2 1.3) (2.2 3) (2.2 9.5) (3 1.7) (3 2) (3 4.4) (3 9.5) (3 9.6) (4.4 1) (4.4 6.1) (4.4 9.2) (5.3 1.7) (5.3 4.4) (5.3 5.9) (5.3 9.5) (5.3 9.6) (5.4 1) (5.4 1.5) (5.4 1.7) (5.4 3) (5.4 5.3) (5.4 6.1) (5.4 9.5) (5.9 1.7) (5.9 2) (5.9 4.4) (5.9 7.6) (6.1 2) (6.1 5.3) (6.1 7.6) (6.1 9.2) (7 1.5) (7 3) (7 4.4) (7 5.4) (7 5.9) (7 7.6) (7 9.2) (7 9.6) (7.6 1.3) (7.6 1.5) (7.6 5.4) (7.6 9.6) (9.2 1.3) (9.2 1.7) (9.2 2) (9.2 2.2) (9.2 5.9) (9.5 1.5) (9.5 5.9) (9.5 7) (9.5 9.2) (9.6 1) (9.6 4.4)
17 61 double 1.8 2.1 2.5 3 4.2 4.5 5.2 5.4 5.7 5.9 6.3 6.5 7.3 7.7 8 8.8 8.9 (1.8 2.1) (1.8 5.7) (1.8 5.9) (1.8 7.7) (2.1 4.2) (2.1 5.4) (2.1 8.8) (2.5 2.1) (3 1.8) (3 2.5) (3 4.5) (3 5.4) (3 5.9) (3 6.3) (3 7.3) (4.2 1.8) (4.2 5.4) (4.2 5.7) (4.2 6.5) (4.2 7.3) (4.5 1.8) (4.5 6.5) (4.5 7.7) (4.5 8) (5.2 5.7) (5.2 6.3) (5.4 6.3) (5.4 8) (5.4 8.9) (5.7 7.3) (5.7 8.9) (5.9 5.2) (5.9 5.4) (5.9 5.7) (5.9 6.5) (5.9 7.3) (5.9 8) (5.9 8.9) (6.3 1.8) (6.3 2.5) (6.5 2.5) (6.5 7.3) (6.5 7.7) (6.5 8) (7.3 5.2) (7.3 8) (7.7 2.5) (7.7 3) (7.7 5.7) (7.7 5.9) (7.7 6.3) (7.7 8) (8.8 1.8) (8.8 3) (8.8 5.2) (8.8 5.4) (8.8 5.7) (8.8 7.3) (8.8 7.7) (8.8 8) (8.9 6.3)
17 52 double 1.4 2 2.6 3 3.7 4 4.9 5.1 5.4 5.8 6.3 6.7 7 7.2 8.1 8.2 9.5 (1.4 2) (1.4 3.7) (1.4 4.9) (1.4 5.1) (1.4 6.3) (2 4.9) (2 5.1) (2 6.7) (2 9.5) (2.6 4) (2.6 6.7) (2.6 8.1) (3 2) (3 4) (3 7.2) (3 8.1) (3.7 4) (3.7 8.2) (4 1.4) (4 5.8) (4.9 2.6) (4.9 8.1) (4.9 8.2) (5.1 3) (5.4 8.1) (5.8 3) (5.8 5.4) (5.8 8.2) (5.8 9.5) (6.3 2.6) (6.3 3.7) (6.3 4) (6.3 8.2) (6.3 9.5) (6.7 1.4) (6.7 4) (6.7 5.8) (6.7 7.2) (7 7.2) (7.2 1.4) (7.2 6.3) (7.2 9.5) (8.1 2) (8.2 1.4) (8.2 2) (8.2 6.7) (8.2 7) (8.2 8.1) (9.5 2.6) (9.5 3) (9.5 4) (9.5 7)
17 66 int 18 30 34 36 40 44 52 53 56 69 74 75 76 77 87 90 91 (18 77) (30 34) (30 44) (30 53) (30 91) (34 44) (34 74) (34 75) (34 76) (36 75) (40 36) (40 52) (40 77) (40 91) (44 36) (44 52) (44 56) (44 75) (44 76) (52 18) (52 30) (52 56) (52 69) (52 77) (53 34) (53 76) (56 40) (56 76) (69 18) (69 30) (69 53) (74 36) (74 40) (74 44) (74 52) (74 69) (75 52) (75 69) (75 76) (76 18) (76 30) (76 69) (77 36) (77 44) (77 75) (77 76) (77 87) (87 44) (87 52) (87 53) (87 75) (90 18) (90 30) (90 36) (90 40) (90 44) (90 74) (90 76) (90 87) (90 91) (91 52) (91 53) (91 56) (91 69) (91 75) (91 76)
18 43 double 1.9 2.3 2.8 2.9 3 4.1 4.2 4.5 5 5.2 5.5 7.5 7.8 7.9 8.9 9.1 9.2 9.9 (1.9 2.3) (2.3 4.1) (2.8 2.3) (2.8 4.2) (2.9 4.1) (2.9 4.2) (3 1.9) (4.1 4.2) (4.1 5) (4.1 9.1) (4.2 1.9) (4.2 5.2) (4.2 7.5) (4.2 9.2) (4.5 2.8) (4.5 2.9) (5 4.5) (5 5.2) (5.2 1.9) (5.2 4.5) (5.2 7.9) (5.5 2.3) (5.5 2.9) (7.5 4.5) (7.8 3) (7.8 4.1) (7.8 5.2) (7.8 5.5) (7.9 1.9) (7.9 3) (7.9 4.1) (7.9 4.2) (7.9 5) (7.9 5.5) (8.9 7.8) (9.1 1.9) (9.1 4.5) (9.1 8.9) (9.2 5) (9.2 7.8) (9.9 5) (9.9 5.2) (9.9 8.9)
18 45 char A C D E F I J K M N P Q S T U W X Y (A C) (A M) (A P) (C F) (C N) (C S) (C T) (D N) (E X) (F I) (F M) (I E) (J Q) (J X) (K E) (K T) (M I) (N A) (N X) (P K) (P Q) (P Y) (Q D) (Q N) (Q Y) (S A) (S M) (S U) (T M) (T Q) (T X) (U F) (U N) (W D) (W F) (W I) (W J) (W M) (W S) (X F) (X U) (Y E) (Y I) (Y J) (Y N)
18 73 double 1.5 2.5 2.9 3 3.3 4.7 4.9 5.1 5.5 5.6 5.7 7 7.4 8.3 8.9 9 9.5 9.9 (1.5 3.3) (1.5 5.1) (1.5 5.6) (1.5 8.9) (2.5 1.5) (2.5 8.3) (2.5 9.9) (2.9 4.9) (2.9 5.5) (2.9 7.4) (3 2.5) (3 5.5) (3 5.6) (3 5.7) (3 7) (3 7.4) (3.3 8.9) (4.7 1.5) (4.7 2.5) (4.7 3) (4.7 9) (4.9 4.7) (4.9 5.1) (4.9 7) (4.9 7.4) (4.9 9.5) (5.1 2.9) (5.1 3.3) (5.1 4.7) (5.1 7.4) (5.1 8.3) (5.1 9.9) (5.5 2.5) (5.5 4.7) (5.5 5.6) (5.5 7) (5.6 2.9) (5.6 4.9) (5.6 5.7) (5.6 7.4) (5.7 2.5) (5.7 2.9) (5.7 4.7) (5.7 4.9) (5.7 5.1) (5.7 7) (5.7 8.3) (7 2.9) (7 4.7) (7 5.1) (7 9.5) (7.4 8.3) (8.3 4.9) (8.3 5.5) (8.3 7) (8.9 5.1) (8.9 5.6) (8.9 7) (8.9 7.4) (8.9 8.3) (9 1.5) (9 2.9) (9 3.3) (9 4.9) (9 5.6) (9 5.7) (9 7) (9 9.5) (9.5 3) (9.5 4.7) (9.5 5.1) (9.9 1.5) (9.9 9.5)
18 103 char A B C D E H L M O P Q S T U V W X Y (A D) (A M) (A P) (A T) (A V) (B D) (B H) (B M) (B Q) (B X) (C E) (C M) (C O) (C U) (C X) (C Y) (D E) (D L) (D M) (D O) (D P) (D S) (D Y) (E L) (E M) (E P) (E S) (H A) (H P) (H Q) (H V) (H W) (L H) (L M) (L T) (L U) (L Y) (M O) (M Q) (M S) (M T) (M W) (O A) (O L) (O P) (O W) (O X) (P L) (P M) (P V) (P W) (Q A) (Q C) (Q O) (Q X) (S A) (S B) (S H) (S Q) (S V) (T B) (T D) (T E) (T H) (T O) (T P) (T U) (T X) (T Y) (U A) (U B) (U D) (U H) (U M) (U Q) (U S) (U X) (V C) (V D) (V L) (V M) (V Q) (V T) (V W) (V X) (W A) (W C) (W L) (W Q) (W X) (W Y) (X D) (X E) (X H) (X L) (X M) (X S) (Y E) (Y M) (Y O) (Y P) (Y U) (Y V)
18 32 char B D E F G I J K L M O P S T U V X Y (B D) (B J) (D E) (D I) (D U) (D Y) (E U) (F D) (F M) (F O) (G P) (I F) (I V) (J E) (J G) (J I) (K X) (L J) (L O) (M O) (P T) (S G) (S M) (S Y) (T G) (U G) (V D) (V O) (V X) (X I) (X T) (Y I)
19 31 double 1.1 1.5 1.7 2.9 3.2 3.5 3.7 5 5.1 5.4 5.8 6.5 6.7 7.1 7.7 7.8 8.7 8.9 9.1 (1.1 3.2) (1.1 6.5) (1.1 7.1) (1.1 7.8) (1.1 8.9) (1.5 1.7) (1.5 8.7) (1.7 5.4) (1.7 6.5) (1.7 8.9) (2.9 1.5) (2.9 6.7) (2.9 7.8) (2.9 8.7) (3.2 2.9) (3.2 7.1) (3.2 8.7) (5 6.7) (5.1 1.1) (5.1 7.1) (5.1 8.9) (5.8 3.7) (6.7 9.1) (7.1 6.5) (7.1 7.8) (7.1 8.7) (7.8 7.7) (8.9 5.8) (9.1 5.1) (9.1 5.4) (9.1 7.7)
19 20 char A B C F G H I J M N O P Q R S T U W Y (A F) (A T) (B T) (C F) (F N) (F S) (H U) (I J) (I O) (I P) (N S) (O J) (Q W) (R F) (R M) (S U) (T G) (U Q) (U W) (W O)
19 57 int 13 16 18 35 41 46 62 64 65 70 71 78 81 89 92 93 95 96 98 (13 95) (16 18) (16 65) (16 71) (16 89) (16 98) (18 35) (18 64) (18 65) (18 78) (18 81) (18 98) (35 93) (41 64) (41 71) (46 13) (46 41) (46 89) (46 95) (62 70) (62 89) (62 95) (62 96) (62 98) (64 13) (64 78) (64 89) (65 62) (65 64) (65 95) (65 98) (70 93) (71 62) (71 70) (71 98) (78 71) (78 89) (78 98) (81 35) (81 89) (81 93) (81 95) (81 96) (89 92) (92 16) (92 18) (92 62) (93 64) (93 98) (95 16) (95 64) (96 16) (96 46) (96 70) (96 89) (98 89) (98 92)
19 86 double 1 1.1 1.3 1.6 1.7 1.9 2.3 2.6 3.5 5.6 5.7 6.8 7.2 7.3 7.4 7.5 8 8.1 8.2 (1 1.1) (1 6.8) (1 7.3) (1 8) (1 8.2) (1.1 2.6) (1.1 5.7) (1.3 2.3) (1.3 3.5) (1.3 7.4) (1.6 1) (1.6 1.3) (1.6 1.9) (1.6 2.3) (1.6 3.5) (1.6 7.5) (1.7 5.6) (1.7 6.8) (1.7 7.2) (1.7 8) (1.9 1.7) (1.9 2.3) (1.9 6.8) (1.9 7.2) (1.9 8.2) (2.3 8.2) (2.6 1.3) (2.6 1.7) (2.6 1.9) (2.6 7.5) (3.5 1.1) (3.5 5.6) (3.5 7.5) (3.5 8) (5.6 1.1) (5.6 1.3) (5.6 6.8) (5.6 7.2) (5.6 7.4) (5.7 1) (5.7 1.9) (5.7 6.8) (5.7 7.3) (6.8 1.3) (6.8 2.3) (6.8 2.6) (6.8 7.3) (6.8 8) (7.2 1) (7.2 1.3) (7.2 1.6) (7.2 2.3) (7.2 2.6) (7.2 8) (7.2 8.1) (7.3 1.6) (7.3 2.6) (7.3 3.5) (7.3 7.5) (7.3 8) (7.4 1) (7.4 1.6) (7.4 2.3) (7.4 3.5) (7.5 1.1) (7.5 1.9) (7.5 5.6) (7.5 8.2) (8 1.3) (8 2.3) (8 2.6) (8 5.6) (8 8.2) (8.1 1.1) (8.1 1.9) (8.1 2.6) (8.1 3.5) (8.1 7.3) (8.1 7.4) (8.1 8) (8.2 1.7) (8.2 2.6) (8.2 6.8) (8.2 7.3) (8.2 7.4) (8.2 8.1)
20 22 char B C D E G H I J L M N O P Q R S U W X Y (D H) (D X) (E C) (E X) (G I) (H X) (I H) (I O) (J L) (J Q) (L B) (N L) (N W) (O C) (O P) (O W) (P L) (S M) (S W) (S Y) (X M) (Y E)
20 117 int 10 11 14 17 18 19 31 32 40 49 52 53 55 70 78 84 90 93 96 97 (10 17) (10 19) (10 31) (10 55) (11 10) (11 17) (11 18) (11 31) (11 49) (14 10) (14 53) (14 84) (14 93) (14 96) (17 55) (17 70) (18 10) (18 40) (18 78) (18 96) (19 11) (19 17) (19 18) (19 31) (19 32) (19 40) (19 84) (19 96) (31 17) (31 32) (31 49) (31 96) (32 11) (32 17) (32 53) (32 78) (32 84) (32 96) (40 31) (40 32) (40 53) (40 55) (40 96) (40 97) (49 10) (49 19) (49 32) (49 40) (49 70) (49 84) (49 93) (52 14) (52 31) (52 40) (52 49) (52 53) (52 90) (52 97) (53 10) (53 17) (53 18) (53 19) (53 31) (53 55) (53 70) (53 78) (55 11) (55 18) (55 19) (55 32) (55 49) (55 93) (55 96) (70 10) (70 14) (70 32) (70 40) (70 52) (70 90) (70 97) (78 14) (78 19) (78 55) (78 96) (78 97) (84 10) (84 11) (84 17) (84 52) (84 53) (84 70) (84 90) (90 18) (90 31) (90 32) (90 49) (90 53) (90 55) (90 78) (93 11) (93 19) (93 31) (93 40) (93 70) (93 78) (93 84) (93 96) (96 11) (96 17) (96 70) (96 84) (96 90) (97 10) (97 17) (97 32) (97 49) (97 53)
20 111 int 13 25 35 37 39 52 56 58 60 62 64 70 71 74 79 80 83 91 96 98 (13 52) (13 56) (13 70) (13 71) (13 74) (13 83) (13 98) (25 56) (25 60) (25 98) (35 13) (35 25) (35 52) (35 56) (35 71) (37 35) (37 52) (37 60) (37 71) (37 79) (37 83) (39 25) (39 56) (39 62) (39 70) (39 79) (39 98) (52 58) (52 62) (52 64) (52 71) (52 91) (52 98) (56 58) (56 64) (56 70) (56 74) (56 80) (56 83) (56 91) (58 37) (58 39) (58 60) (58 62) (58 64) (58 70) (58 80) (58 83) (58 96) (60 35) (60 74) (60 79) (62 37) (62 56) (62 60) (62 71) (62 74) (62 80) (62 83) (62 96) (62 98) (64 25) (64 35) (64 37) (64 60) (64 71) (70 35) (70 60) (70 74) (70 96) (70 98) (71 39) (71 58) (71 91) (71 98) (74 25) (74 37) (74 39) (74 64) (74 71) (74 83) (79 25) (79 52) (79 64) (79 83) (80 13) (80 25) (80 39) (80 64) (80 70) (80 98) (83 39) (83 52) (83 70) (83 80) (91 25) (91 37) (91 58) (91 62) (91 79) (96 13) (96 25) (96 39) (96 60) (96 71) (96 79) (98 35) (98 56) (98 74) (98 79) (98 91)
20 40 int 18 20 21 22 25 28 34 42 48 54 55 59 72 74 77 79 88 89 92 94 (18 25) (20 54) (20 59) (21 55) (21 72) (22 72) (22 94) (25 22) (25 48) (25 74) (34 20) (34 72) (42 59) (42 89) (48 22) (48 34) (48 77) (48 79) (55 20) (59 18) (59 89) (72 20) (72 48) (72 77) (74 20) (74 22) (74 34) (74 55) (77 55) (79 20) (79 74) (88 20) (88 74) (89 18) (89 55) (92 21) (92 25) (92 59) (94 28) (94 74)
21 108 double 2 3.2 3.6 3.8 4.1 5.6 6 6.3 6.4 6.5 6.6 7 7.6 8.1 8.3 8.4 8.8 8.9 9.2 9.8 9.9 (2 3.2) (2 3.6) (2 5.6) (2 6.4) (2 7) (2 8.3) (2 8.9) (3.2 4.1) (3.2 6.6) (3.2 8.1) (3.2 8.4) (3.2 9.2) (3.2 9.9) (3.6 6) (3.6 6.3) (3.6 6.6) (3.6 8.1) (3.8 4.1) (3.8 6) (3.8 6.4) (3.8 8.9) (4.1 2) (4.1 5.6) (4.1 6.3) (4.1 6.5) (4.1 8.8) (5.6 3.2) (5.6 3.6) (5.6 6) (5.6 6.6) (5.6 8.9) (5.6 9.9) (6 2) (6 3.2) (6 8.1) (6 8.3) (6 8.8) (6 9.8) (6.3 3.8) (6.3 5.6) (6.3 7) (6.3 8.1) (6.3 8.8) (6.4 3.6) (6.4 6.3) (6.4 6.6) (6.4 7.6) (6.4 8.4) (6.5 2) (6.5 3.8) (6.5 5.6) (6.5 6.3) (6.5 6.6) (6.5 7) (6.5 8.3) (6.5 8.4) (6.5 9.8) (6.6 6.3) (6.6 8.4) (6.6 8.9) (7 3.2) (7 8.1) (7 8.8) (7 9.8) (7 9.9) (7.6 6.3) (7.6 8.3) (7.6 8.4) (7.6 8.9) (8.1 4.1) (8.1 5.6) (8.1 9.8) (8.3 3.2) (8.3 3.6) (8.3 7) (8.3 8.8) (8.4 2) (8.4 3.8) (8.4 5.6) (8.4 6) (8.4 7) (8.8 3.2) (8.8 5.6) (8.8 6.5) (8.8 6.6) (8.8 8.9) (8.9 7) (8.9 8.4) (8.9 9.2) (8.9 9.9) (9.2 3.6) (9.2 5.6) (9.2 6) (9.2 6.3) (9.2 6.4) (9.2 6.5) (9.2 6.6) (9.2 7) (9.2 7.6) (9.2 8.4) (9.8 5.6) (9.8 6.4) (9.8 7.6) (9.8 8.4) (9.8 9.2) (9.8 9.9) (9.9 6.5) (9.9 8.1)
21 90 double 1.1 1.4 1.8 2.2 2.5 2.6 3 3.1 3.9 4.9 5 5.7 6.2 6.6 7.9 8 8.2 8.6 8.9 9.3 9.6 (1.1 3.9) (1.1 6.2) (1.1 6.6) (1.1 8.6) (1.4 1.8) (1.4 3) (1.4 6.6) (1.4 7.9) (1.4 8.2) (1.4 9.3) (1.4 9.6) (1.8 2.5) (1.8 3.9) (1.8 8.6) (2.2 4.9) (2.2 9.6) (2.5 1.1) (2.5 4.9) (2.5 6.6) (2.5 8.6) (2.6 1.8) (2.6 3.9) (2.6 4.9) (2.6 5.7) (3 2.2) (3 3.9) (3 9.6) (3.1 1.8) (3.1 2.2) (3.1 6.6) (3.1 9.6) (3.9 5.7) (3.9 6.2) (3.9 7.9) (3.9 8.2) (3.9 8.6) (3.9 8.9) (3.9 9.6) (4.9 3) (4.9 3.9) (4.9 5.7) (4.9 6.6) (4.9 7.9) (4.9 8.2) (4.9 8.9) (5 1.1) (5 2.2) (5 3.1) (5 4.9) (5 6.6) (5 8) (5 9.6) (5.7 2.2) (5.7 3) (5.7 9.6) (6.2 1.8) (6.2 4.9) (6.2 8) (6.2 9.3) (6.6 5.7) (7.9 2.2) (7.9 2.6) (7.9 5) (7.9 8) (7.9 8.2) (7.9 8.6) (7.9 9.3) (8 2.2) (8 2.6) (8 4.9) (8 8.9) (8.2 1.8) (8.2 2.5) (8.2 3) (8.2 6.6) (8.2 8.6) (8.2 8.9) (8.6 2.2) (8.6 4.9) (8.6 5) (8.6 8) (8.9 3) (8.9 5) (8.9 8.6) (9.3 1.1) (9.3 3) (9.3 8.6) (9.6 1.8) (9.6 7.9) (9.6 8)
21 96 double 1.1 1.5 1.6 2.9 3.2 4.2 4.8 5.1 6.1 6.2 6.5 6.8 7 7.8 8.4 8.9 9 9.1 9.3 9.5 9.9 (1.1 1.6) (1.5 1.6) (1.5 8.9) (1.5 9.9) (1.6 7.8) (1.6 8.9) (1.6 9.5) (2.9 4.2) (2.9 4.8) (2.9 6.1) (2.9 7.8) (2.9 9) (2.9 9.3) (3.2 5.1) (3.2 6.2) (3.2 6.8) (3.2 9.3) (4.2 1.6) (4.2 3.2) (4.2 6.2) (4.2 9) (4.8 1.6) (4.8 8.4) (4.8 9.9) (5.1 1.1) (5.1 2.9) (5.1 6.1) (5.1 6.5) (5.1 9) (6.1 3.2) (6.1 4.8) (6.1 6.8) (6.1 9.5) (6.2 4.8) (6.2 6.1) (6.2 7) (6.5 1.1) (6.5 1.5) (6.5 1.6) (6.5 2.9) (6.5 3.2) (6.5 8.9) (6.5 9.9) (6.8 7) (6.8 8.9) (6.8 9) (6.8 9.3) (7 1.5) (7 1.6) (7 5.1) (7 8.4) (7 9.3) (7 9.5) (7.8 1.5) (7.8 6.2) (7.8 8.4) (7.8 9) (8.4 1.5) (8.4 1.6) (8.4 2.9) (8.4 5.1) (8.4 6.5) (8.4 6.8) (8.9 1.1) (8.9 5.1) (8.9 6.2) (8.9 7.8) (8.9 9) (8.9 9.1) (8.9 9.5) (9 1.1) (9 4.8) (9 6.1) (9 8.4) (9 9.5) (9.1 1.6) (9.1 7.8) (9.1 9.3) (9.3 1.1) (9.3 1.5) (9.3 4.2) (9.3 5.1) (9.3 6.5) (9.3 9.9) (9.5 1.5) (9.5 2.9) (9.5 6.5) (9.5 6.8) (9.5 7.8) (9.9 3.2) (9.9 4.2) (9.9 5.1) (9.9 6.2) (9.9 6.8) (9.9 7) (9.9 9.1)
21 98 int 14 16 17 21 28 29 36 38 40 43 60 63 65 73 75 78 87 90 94 96 98 (14 16) (14 63) (14 73) (14 78) (14 98) (16 17) (16 78) (16 90) (17 73) (17 78) (21 16) (21 36) (21 60) (21 75) (21 94) (28 17) (28 21) (28 40) (28 60) (28 78) (29 17) (29 21) (29 73) (29 90) (29 94) (29 96) (36 28) (36 29) (36 60) (36 78) (38 14) (38 16) (38 17) (38 21) (38 60) (38 63) (38 65) (38 75) (38 90) (40 36) (40 73) (40 90) (43 28) (43 40) (43 98) (60 65) (60 87) (60 90) (63 16) (63 21) (63 36) (63 40) (63 43) (63 65) (65 17) (65 21) (65 36) (65 73) (65 78) (65 90) (73 60) (73 90) (73 96) (75 60) (75 63) (75 65) (75 87) (75 98) (78 40) (78 73) (87 21) (87 38) (87 40) (87 78) (90 43) (90 63) (90 75) (90 87) (90 94) (90 96) (94 14) (94 17) (94 36) (94 63) (94 65) (96 17) (96 28) (96 38) (96 40) (96 43) (96 60) (96 75) (96 94) (98 16) (98 40) (98 60) (98 90) (98 94)
21 60 double 1.4 1.6 2.4 2.9 3.3 3.6 4 4.6 4.8 5.3 5.5 6.8 7.2 7.3 7.5 7.6 7.8 8.5 8.8 9 9.2 (1.4 5.5) (1.6 2.4) (1.6 7.5) (1.6 7.8) (1.6 9) (2.4 7.5) (2.4 8.5) (2.9 2.4) (2.9 9.2) (3.3 3.6) (3.3 4.6) (3.3 5.5) (3.6 1.6) (3.6 5.5) (4 1.6) (4 2.9) (4 4.6) (4 7.6) (4.6 3.6) (4.6 4.8) (4.6 7.2) (4.8 3.3) (4.8 5.5) (4.8 6.8) (4.8 7.2) (4.8 7.3) (4.8 9.2) (5.5 6.8) (6.8 1.4) (6.8 5.3) (7.2 2.9) (7.2 3.3) (7.2 5.5) (7.2 7.5) (7.2 9.2) (7.3 4) (7.3 8.8) (7.5 3.6) (7.5 4.8) (7.5 5.5) (7.5 9) (7.6 1.6) (7.6 3.6) (7.6 4.8) (7.6 7.2) (7.6 7.5) (7.8 3.6) (7.8 4.8) (7.8 9.2) (8.5 1.6) (8.5 7.3) (8.8 2.9) (8.8 3.3) (8.8 4) (8.8 9) (9 2.4) (9 4.6) (9 7.2) (9.2 1.6) (9.2 5.5)
21 47 int 22 23 29 32 35 36 39 48 58 62 63 66 69 70 73 75 78 86 89 98 99 (22 36) (22 39) (22 99) (23 66) (29 32) (29 69) (29 73) (29 89) (32 22) (32 36) (32 58) (32 70) (32 75) (32 78) (32 89) (35 98) (36 73) (36 98) (39 63) (39 99) (48 73) (48 99) (58 23) (58 35) (58 86) (58 89) (62 98) (63 23) (63 35) (63 36) (66 22) (66 39) (69 58) (70 48) (73 69) (78 69) (78 73) (86 22) (86 73) (89 35) (89 39) (89 75) (98 23) (98 70) (99 32) (99 35) (99 70)
22 86 double 1 1.1 1.4 1.8 1.9 3.7 3.9 4.3 4.7 4.8 5.5 6.1 6.6 7 7.4 7.6 8 8.2 8.3 8.6 9.3 9.6 (1 4.3) (1 4.8) (1 7) (1 8.3) (1.1 1) (1.1 4.3) (1.4 1.8) (1.4 3.9) (1.8 3.7) (1.8 4.3) (1.8 6.6) (1.8 7) (1.9 4.8) (1.9 7) (3.7 1.1) (3.7 1.4) (3.7 4.3) (3.7 5.5) (3.7 7.4) (3.7 7.6) (3.7 8.3) (3.9 1.1) (3.9 1.8) (3.9 4.8) (3.9 5.5) (3.9 7.4) (3.9 7.6) (3.9 8) (3.9 8.2) (3.9 9.3) (4.3 1.4) (4.3 3.9) (4.3 6.6) (4.3 9.3) (4.3 9.6) (4.7 1.8) (4.7 3.9) (4.7 6.1) (4.7 8.3) (4.8 3.7) (4.8 6.1) (4.8 7.6) (4.8 8.2) (5.5 1.8) (5.5 1.9) (5.5 8.2) (6.1 1) (6.1 1.9) (6.1 6.6) (6.6 1.4) (6.6 1.9) (6.6 4.7) (6.6 5.5) (6.6 7.4) (6.6 9.3) (7 5.5) (7 7.6) (7.4 1.1) (7.4 1.4) (7.4 1.8) (7.4 1.9) (7.4 8.6) (7.4 9.3) (7.6 6.1) (7.6 6.6) (8 1) (8 1.1) (8 1.4) (8 8.2) (8 8.3) (8.2 1.4) (8.2 1.8) (8.2 8.3) (8.2 8.6) (8.3 6.6) (8.3 7) (8.6 1.1) (8.6 1.9) (8.6 3.7) (8.6 8.3) (9.3 1) (9.3 8.2) (9.3 9.6) (9.6 3.9) (9.6 8) (9.6 8.6)
23 104 int 11 15 18 21 24 25 30 38 40 46 49 51 54 61 64 69 70 71 74 81 93 96 99 (11 40) (15 18) (15 46) (15 71) (15 74) (15 93) (18 30) (18 40) (18 51) (18 99) (21 71) (24 11) (24 18) (24 21) (24 30) (24 61) (24 64) (24 69) (24 71) (24 74) (24 93) (24 99) (25 11) (25 46) (25 49) (25 96) (30 40) (30 46) (30 64) (30 71) (38 25) (38 51) (38 54) (38 69) (38 81) (40 93) (40 99) (46 38) (46 61) (46 70) (46 81) (46 93) (49 18) (49 21) (49 24) (49 30) (49 70) (49 74) (51 49) (51 64) (54 18) (54 46) (54 49) (54 51) (54 96) (61 15) (61 25) (61 51) (61 54) (61 81) (64 21) (64 54) (64 81) (64 99) (69 21) (69 25) (69 46) (69 49) (69 54) (69 61) (69 99) (70 11) (70 15) (70 21) (70 30) (71 69) (71 70) (74 11) (74 21) (74 25) (74 61) (74 70) (74 81) (74 96) (74 99) (81 18) (81 25) (81 40) (81 51) (93 18) (93 21) (93 61) (93 70) (93 74) (93 99) (96 30) (96 40) (96 51) (96 69) (96 70) (96 71) (96 99) (99 30) (99 51)
23 150 char A B C D E F G H J L M N O P Q R S T U V W X Y (A B) (A D) (A E) (A F) (A N) (A O) (A W) (B D) (B F) (B H) (B L) (B M) (B P) (B S) (B T) (B V) (B Y) (C B) (C D) (C H) (C L) (C Q) (C X) (C Y) (D E) (D N) (D O) (D P) (D T) (D X) (E L) (E O) (E Q) (E X) (F C) (F D) (F E) (F G) (F N) (F P) (F U) (F Y) (G A) (G D) (G E) (G H) (G M) (G S) (G T) (G W) (H D) (H E) (H L) (H M) (H O) (H P) (H Q) (H V) (J D) (J E) (J F) (J M) (J R) (J V) (J W) (L J) (L R) (L T) (M A) (M L) (M Q) (M S) (M Y) (N H) (N L) (N M) (N S) (O J) (O L) (O N) (O P) (O Q) (O W) (P C) (P G) (P J) (P N) (P Q) (P S) (P V) (P Y) (Q G) (Q T) (R F) (R G) (R M) (R O) (R P) (R S) (R T) (R U) (R X) (S H) (S Q) (S U) (T A) (T C) (T E) (T H) (T U) (T V) (U A) (U B) (U C) (U J) (U L) (U O) (U P) (U Q) (U W) (U X) (V A) (V C) (V G) (V L) (V Q) (V R) (V X) (V Y) (W F) (W M) (W N) (W P) (W S) (W V) (X A) (X F) (X G) (X J) (X N) (X Q) (X S) (X W) (Y A) (Y G) (Y O) (Y Q) (Y S) (Y T) (Y U)
23 98 double 1.5 1.7 2.2 2.3 2.4 2.6 2.8 3.1 4.1 4.4 4.5 4.8 5.3 5.6 6.3 6.5 6.9 7.9 8.3 8.5 8.6 8.8 9.2 (1.5 2.4) (1.5 5.3) (1.5 6.9) (1.5 7.9) (1.5 8.3) (1.5 8.5) (1.5 9.2) (1.7 2.2) (1.7 4.1) (1.7 4.5) (1.7 4.8) (1.7 6.5) (1.7 8.5) (1.7 9.2) (2.2 2.8) (2.2 6.9) (2.3 4.1) (2.3 4.5) (2.3 4.8) (2.4 3.1) (2.4 4.1) (2.4 8.3) (2.6 4.5) (2.8 1.7) (2.8 2.4) (2.8 6.5) (3.1 2.3) (3.1 4.8) (3.1 6.5) (3.1 6.9) (4.1 2.2) (4.1 6.3) (4.1 8.3) (4.4 2.6) (4.4 3.1) (4.4 5.3) (4.4 8.5) (4.4 8.6) (4.5 2.8) (4.5 6.5) (4.5 6.9) (4.8 4.5) (4.8 6.3) (4.8 8.6) (5.3 1.7) (5.3 2.2) (5.3 2.4) (5.3 2.8) (5.3 4.5) (5.3 4.8) (5.3 8.3) (5.6 2.4) (5.6 2.6) (5.6 2.8) (5.6 4.5) (5.6 4.8) (5.6 5.3) (6.3 2.3) (6.3 3.1) (6.3 4.5) (6.3 6.5) (6.3 7.9) (6.5 1.5) (6.5 5.3) (6.5 5.6) (6.9 2.6) (6.9 4.8) (6.9 5.3) (6.9 5.6) (6.9 8.6) (7.9 2.3) (7.9 2.8) (7.9 4.8) (8.3 2.2) (8.3 2.3) (8.3 2.6) (8.3 5.6) (8.3 8.6) (8.3 8.8) (8.5 8.6) (8.5 8.8) (8.6 2.4) (8.6 2.6) (8.6 4.1) (8.6 5.6) (8.6 6.5) (8.8 2.3) (8.8 2.4) (8.8 2.6) (8.8 5.3) (8.8 8.6) (9.2 2.4) (9.2 2.6) (9.2 4.4) (9.2 4.8) (9.2 6.3) (9.2 8.3) (9.2 8.5)
24 92 int 11 15 16 19 20 22 27 28 32 40 44 45 54 58 59 66 73 78 84 86 88 89 90 99 (11 86) (11 99) (15 11) (15 20) (15 66) (15 89) (16 11) (16 22) (16 44) (16 78) (16 84) (16 89) (19 22) (19 84) (19 88) (20 40) (20 45) (20 59) (20 84) (20 86) (20 99) (22 11) (22 27) (22 45) (27 66) (28 16) (28 19) (28 40) (28 45) (28 54) (28 59) (32 58) (32 89) (40 15) (40 27) (40 44) (40 89) (44 11) (44 27) (44 32) (44 84) (44 86) (44 89) (45 16) (45 73) (45 84) (54 20) (54 86) (54 89) (58 16) (58 22) (58 66) (59 15) (59 66) (59 78) (59 88) (59 99) (66 28) (66 32) (66 78) (73 40) (73 54) (73 59) (78 22) (78 44) (78 45) (84 11) (84 15) (84 28) (84 54) (84 58) (84 66) (86 16) (86 19) (86 22) (86 40) (86 73) (86 84) (86 88) (86 99) (88 44) (88 58) (88 73) (89 22) (89 59) (89 73) (90 15) (90 84) (90 88) (99 44) (99 54) (99 73)
24 97 double 1.7 1.8 2.5 2.6 3.1 3.3 3.8 4.4 5.5 5.7 5.9 6.3 6.5 6.7 6.8 7.3 7.6 7.8 8.3 8.4 8.6 8.8 9.4 9.9 (1.7 2.6) (1.7 3.1) (1.7 7.6) (1.7 8.3) (1.8 6.5) (1.8 8.6) (2.5 3.1) (2.5 3.3) (2.5 5.5) (2.5 5.9) (2.5 6.5) (2.5 8.3) (2.6 6.8) (2.6 8.3) (3.1 1.8) (3.1 4.4) (3.1 5.9) (3.1 9.9) (3.3 3.8) (3.3 5.7) (3.3 5.9) (3.3 6.7) (3.3 9.4) (3.8 4.4) (3.8 5.9) (3.8 7.6) (3.8 9.4) (5.5 1.8) (5.5 6.7) (5.5 8.4) (5.5 8.8) (5.5 9.4) (5.7 3.8) (5.7 6.7) (5.7 6.8) (5.9 5.5) (5.9 5.7) (5.9 8.3) (5.9 8.8) (6.3 3.8) (6.3 4.4) (6.5 5.7) (6.5 6.8) (6.5 7.6) (6.5 9.9) (6.7 1.8) (6.7 2.5) (6.7 2.6) (6.7 3.8) (6.7 6.3) (6.7 7.6) (6.8 1.8) (6.8 2.5) (6.8 5.5) (6.8 5.9) (6.8 6.3) (6.8 6.7) (6.8 8.6) (7.3 3.3) (7.3 3.8) (7.3 6.7) (7.3 6.8) (7.3 8.3) (7.3 8.6) (7.6 2.5) (7.6 3.1) (7.6 5.9) (7.6 7.3) (7.6 8.3) (7.6 8.6) (7.8 1.7) (7.8 2.5) (7.8 3.1) (7.8 5.5) (7.8 5.7) (7.8 7.6) (8.3 5.5) (8.3 6.3) (8.3 7.8) (8.3 8.4) (8.3 8.8) (8.4 5.9) (8.4 6.8) (8.6 2.5) (8.6 4.4) (8.6 5.5) (8.6 5.9) (8.6 6.5) (8.6 7.8) (8.8 1.8) (8.8 2.5) (9.4 2.5) (9.4 7.8) (9.4 8.8) (9.9 3.3) (9.9 5.9) (9.9 6.8)
24 132 char A B C D E F G H I K L M N O P Q R S T U V W X Y (A K) (A R) (B G) (B K) (B L) (B S) (B U) (B V) (C F) (C G) (C K) (C L) (C P) (C W) (D E) (D I) (D L) (D R) (D V) (D W) (E A) (E B) (E M) (E U) (E W) (F G) (F M) (F N) (F T) (F W) (F Y) (G L) (G P) (G T) (H D) (H E) (H G) (H I) (H M) (H T) (H W) (I A) (I B) (I C) (I K) (I P) (I Q) (I S) (I X) (K D) (K E) (K G) (K M) (K T) (K X) (L A) (L E) (L F) (L M) (L O) (L U) (L V) (M C) (M D) (M O) (M Q) (M T) (N G) (N M) (N U) (O B) (O C) (O E) (O G) (O I) (O R) (O S) (O T) (O W) (O Y) (P E) (P O) (P Q) (P U) (P V) (Q B) (Q C) (Q D) (Q E) (Q G) (Q R) (Q V) (Q Y) (R F) (R K) (R L) (R N) (R P) (R X) (S C) (S E) (S N) (S Q) (S R) (S W) (S Y) (T A) (T L) (T P) (T U) (T X) (U I) (U Q) (V A) (V E) (V F) (V G) (V M) (V T) (V Y) (W K) (W M) (W P) (W R) (W T) (W Y) (X B) (X L) (X P) (X Q) (X Y) (Y K)
24 97 int 11 21 24 28 29 30 34 36 45 49 50 52 54 57 66 71 72 75 76 77 80 85 92 93 (11 30) (11 77) (21 49) (21 71) (21 80) (24 21) (24 30) (24 34) (24 66) (24 75) (24 92) (24 93) (28 24) (28 29) (28 45) (28 71) (28 85) (29 21) (29 24) (29 30) (29 92) (29 93) (30 54) (30 66) (30 85) (30 92) (34 21) (34 36) (34 49) (34 54) (34 71) (36 29) (36 66) (36 75) (45 11) (45 29) (45 34) (45 36) (45 92) (49 45) (49 50) (49 71) (49 72) (50 54) (50 57) (50 71) (50 75) (50 85) (52 21) (52 34) (52 36) (52 72) (54 49) (54 52) (57 28) (57 80) (57 85) (57 92) (66 11) (66 28) (66 52) (66 85) (66 93) (71 11) (71 24) (72 29) (72 36) (72 45) (72 54) (72 57) (72 71) (72 80) (72 93) (75 29) (75 30) (75 49) (75 71) (76 45) (77 34) (77 45) (77 49) (77 71) (80 30) (80 93) (85 49) (85 54) (85 77) (85 93) (92 52) (92 54) (92 66) (92 76) (92 85) (93 52) (93 54) (93 57) (93 75)
24 164 int 10 12 16 19 21 24 31 34 37 41 57 59 61 62 67 68 69 71 72 74 86 95 97 99 (10 31) (10 34) (10 37) (10 57) (10 61) (10 69) (10 71) (10 86) (10 97) (12 10) (12 16) (12 19) (12 24) (12 59) (12 62) (12 68) (12 86) (16 31) (16 37) (16 57) (16 59) (16 61) (16 69) (16 99) (19 34) (19 41) (19 57) (19 71) (19 72) (19 95) (19 99) (21 12) (21 24) (21 34) (21 57) (21 61) (21 74) (24 37) (24 67) (24 68) (24 71) (24 95) (31 21) (31 34) (31 57) (31 67) (31 71) (31 74) (31 99) (34 61) (34 68) (34 74) (34 99) (37 19) (37 31) (37 34) (37 41) (37 59) (37 69) (37 74) (37 97) (41 21) (41 24) (41 57) (41 95) (41 99) (57 24) (57 37) (57 62) (57 67) (57 97) (59 10) (59 19) (59 21) (59 57) (59 67) (59 72) (59 86) (59 99) (61 19) (61 37) (61 41) (61 68) (61 71) (61 86) (61 97) (62 10) (62 21) (62 24) (62 41) (62 69) (62 71) (62 72) (62 99) (67 12) (67 19) (67 21) (67 34) (67 61) (67 69) (67 71) (67 72) (67 97) (68 71) (68 72) (68 86) (68 99) (69 12) (69 21) (69 24) (69 57) (69 59) (69 68) (69 71) (69 97) (71 16) (71 34) (71 37) (71 41) (71 57) (71 59) (71 74) (71 99) (72 12) (72 31) (72 34) (72 57) (72 61) (74 10) (74 62) (74 67) (74 68) (74 69) (74 72) (74 86) (74 97) (86 19) (86 21) (86 31) (86 34) (86 37) (86 41) (86 62) (86 97) (95 10) (95 12) (95 34) (95 59) (95 61) (95 71) (95 99) (97 16) (97 21) (97 31) (97 41) (97 59) (97 62) (97 72) (97 95) (99 10) (99 12) (99 61) (99 67) (99 86)
24 105 double 1.4 1.5 1.7 1.8 2.4 2.6 3.2 3.8 5.2 6 6.1 6.5 6.7 7.1 7.4 7.5 7.6 8 8.1 8.7 8.8 9.1 9.7 9.9 (1.5 6) (1.5 7.4) (1.5 8.1) (1.7 2.4) (1.7 7.4) (1.7 8.7) (1.7 8.8) (1.8 1.4) (1.8 2.4) (1.8 2.6) (1.8 5.2) (1.8 7.6) (1.8 8.7) (1.8 9.9) (2.4 1.4) (2.4 6.7) (2.4 7.4) (2.4 7.6) (2.4 8.8) (2.4 9.1) (2.4 9.9) (2.6 3.8) (2.6 6.1) (2.6 9.7) (3.2 1.7) (3.2 6) (3.2 6.7) (3.2 8.1) (3.2 9.7) (3.2 9.9) (3.8 2.4) (3.8 8.7) (5.2 2.6) (5.2 7.5) (5.2 7.6) (6 1.7) (6 5.2) (6 6.7) (6 7.4) (6 9.9) (6.1 1.4) (6.1 6) (6.1 6.5) (6.1 9.1) (6.5 1.4) (6.5 2.4) (6.5 3.2) (6.5 9.1) (6.5 9.7) (6.5 9.9) (6.7 1.5) (6.7 5.2) (6.7 8.1) (6.7 9.7) (7.1 3.8) (7.1 6.7) (7.1 7.4) (7.1 9.1) (7.4 6.1) (7.4 7.5) (7.4 9.9) (7.5 1.8) (7.5 2.6) (7.5 7.6) (7.5 9.9) (7.6 2.6) (7.6 3.8) (7.6 7.4) (8 1.5) (8 3.2) (8 5.2) (8 6.1) (8 6.7) (8 7.1) (8 8.7) (8 9.7) (8.1 7.5) (8.1 8) (8.7 1.5) (8.7 2.4) (8.7 5.2) (8.7 6.7) (8.7 8.1) (8.7 9.1) (8.7 9.7) (8.8 3.8) (8.8 6.7) (8.8 7.1) (8.8 9.1) (9.1 3.2) (9.1 3.8) (9.1 7.4) (9.1 7.6) (9.1 9.7) (9.7 1.5) (9.7 1.7) (9.7 5.2) (9.7 6.1) (9.7 7.5) (9.7 8.1) (9.9 6.1) (9.9 6.7) (9.9 7.1) (9.9 8.7) (9.9 9.7)
24 73 int 10 16 18 20 25 29 32 33 36 37 44 45 48 58 65 68 74 78 81 83 87 88 92 93 (10 92) (16 33) (16 65) (16 83) (18 16) (18 32) (18 37) (18 45) (18 65) (20 18) (20 87) (25 37) (25 48) (25 83) (29 48) (29 65) (32 29) (32 33) (32 81) (33 25) (33 29) (33 81) (33 87) (33 88) (36 44) (36 81) (37 74) (37 87) (37 93) (44 33) (44 45) (44 48) (44 78) (45 32) (45 74) (45 81) (45 87) (48 10) (48 36) (48 58) (58 16) (58 18) (58 29) (58 33) (58 78) (65 88) (65 93) (68 37) (68 58) (68 74) (68 81) (68 92) (74 25) (74 58) (74 65) (74 88) (78 16) (78 83) (78 87) (81 18) (83 18) (83 44) (83 87) (83 93) (87 32) (87 65) (87 93) (88 10) (88 83) (92 37) (93 16) (93 36) (93 74)
24 113 int 10 12 17 18 19 36 42 46 49 51 53 54 55 60 64 65 67 68 72 75 80 94 96 97 (10 18) (10 60) (10 68) (10 96) (10 97) (12 19) (12 36) (12 67) (17 10) (17 19) (17 36) (17 46) (17 64) (17 80) (17 94) (18 17) (18 36) (18 53) (18 68) (18 96) (18 97) (19 18) (19 53) (19 68) (19 75) (19 96) (19 97) (42 17) (42 18) (42 19) (42 53) (42 60) (42 68) (46 42) (46 51) (46 60) (46 96) (49 17) (49 51) (49 53) (49 68) (49 80) (51 10) (51 12) (51 19) (51 36) (51 55) (51 60) (51 80) (51 96) (51 97) (53 36) (53 54) (53 75) (53 97) (54 12) (54 17) (54 49) (54 55) (54 60) (54 64) (55 42) (55 94) (60 17) (60 19) (60 49) (60 68) (60 97) (64 55) (64 72) (65 10) (65 18) (65 42) (65 54) (65 68) (67 36) (67 46) (67 53) (67 55) (67 60) (68 17) (68 54) (68 75) (72 17) (72 18) (72 75) (72 94) (72 96) (75 12) (75 17) (75 36) (75 49) (75 51) (75 60) (75 64) (75 80) (75 96) (80 18) (80 53) (80 67) (80 72) (80 96) (94 49) (94 53) (94 67) (96 12) (96 42) (96 53) (96 55) (96 65) (97 36) (97 46) (97 72)
24 38 double 1.1 1.4 1.6 2.2 2.3 2.5 2.6 3.3 3.5 3.6 3.8 4 4.5 6.1 6.5 6.6 7 7.1 7.8 8.3 8.4 8.5 8.9 9 (1.1 3.8) (1.4 2.2) (1.6 3.3) (1.6 8.4) (1.6 8.5) (2.2 1.6) (2.2 6.6) (2.3 3.6) (2.3 4.5) (2.3 6.1) (2.3 6.6) (2.5 7) (2.6 1.4) (3.3 3.8) (3.3 8.9) (3.6 1.4) (3.6 4) (3.6 8.4) (3.6 8.9) (3.8 2.3) (4 8.5) (4.5 3.3) (4.5 4) (4.5 7.8) (4.5 8.3) (6.1 3.5) (6.1 8.5) (6.5 1.4) (6.6 3.3) (7 1.6) (7 3.5) (7 8.3) (7.1 3.5) (7.8 8.4) (8.3 2.6) (8.3 7.8) (8.4 8.5) (8.5 2.5)